root1,root2,root3,root4,root5,root6,lowerback1,lowerback2,lowerback3,upperback1,upperback2,upperback3,thorax1,thorax2,thorax3,lowerneck1,lowerneck2,lowerneck3,upperneck1,upperneck2,upperneck3,head1,head2,head3,rclavicle1,rclavicle2,rhumerus1,rhumerus2,rhumerus3,rradius1,rwrist1,rhand1,rhand2,rfingers1,rthumb1,rthumb2,lclavicle1,lclavicle2,lhumerus1,lhumerus2,lhumerus3,lradius1,lwrist1,lhand1,lhand2,lfingers1,lthumb1,lthumb2,rfemur1,rfemur2,rfemur3,rtibia1,rfoot1,rfoot2,rtoes1,lfemur1,lfemur2,lfemur3,ltibia1,lfoot1,lfoot2,ltoes1
-1.43851,16.4063,-26.0539,2.36072,5.99872,1.58029,13.6691,-0.344527,-8.03525,-5.07308,-1.76337,1.9802,-13.1095,-0.0343452,7.21872,-6.63303,-6.29578,-4.59201,17.3738,-8.89566,4.83188,6.80906,-4.21342,1.58317,1.21631e-14,1.07344e-14,-40.4054,-1.50855,-82.3577,25.562,8.2031,-7.54822,17.7117,7.12502,18.3435,-11.4434,1.21631e-14,1.07344e-14,-38.2109,9.49887,82.3079,27.5527,0.546419,-5.19655,17.8127,7.12502,20.6046,46.7391,-14.5584,14.0111,22.9027,29.2128,-14.6584,-12.2804,16.9198,-21.4406,1.80918,-17.9587,71.8276,9.33734,1.74083,10.0798
-1.41948,16.4209,-25.9393,2.14945,5.05491,1.58478,13.3351,0.0539191,-7.79201,-4.67107,-1.14862,1.88314,-12.5533,0.184065,6.79747,-7.88801,-6.4169,-4.48796,17.8624,-9.03826,4.72112,7.18548,-4.2529,1.47024,2.62768e-14,-1.35174e-14,-39.505,-1.52684,-82.3522,25.556,8.20429,-8.00104,17.9916,7.12502,17.9078,-11.2039,2.62768e-14,-1.35174e-14,-37.5626,9.54683,82.444,27.6368,0.474622,-5.21253,17.2509,7.12502,20.5892,46.179,-13.5572,14.1733,22.984,28.4941,-14.4432,-11.5916,16.5545,-21.7763,2.73927,-18.2128,71.8887,7.96334,1.67194,10.6559
-1.41858,16.4256,-25.8443,2.10548,4.91294,1.52236,13.0972,0.126815,-7.68275,-4.54061,-1.003,1.91178,-12.2837,0.226709,6.72128,-8.11848,-6.44391,-4.67887,18.0014,-9.06431,4.81902,7.28664,-4.26297,1.52024,-9.23106e-15,1.03368e-14,-39.0545,-1.21931,-82.3483,25.6806,7.97033,-8.01088,18.0317,7.12502,17.8984,-11.1647,-9.23106e-15,1.03368e-14,-37.2687,9.83776,82.434,27.5806,0.357305,-5.23546,16.9177,7.12502,20.5672,45.8482,-12.6928,14.1986,23.1869,27.6984,-14.4595,-11.4708,16.6319,-22.6135,2.99053,-18.2506,71.8708,6.90827,1.59397,10.9251
-1.38656,16.4398,-25.6889,1.57124,3.92644,1.52979,12.3578,0.494738,-7.2705,-4.08073,-0.38222,1.73279,-11.4156,0.422794,6.11345,-8.52568,-6.61722,-4.47056,18.0844,-9.29792,4.67566,7.38096,-4.36369,1.40279,-4.13721e-15,6.75868e-15,-38.5442,-1.48267,-82.2396,25.5502,8.11286,-8.16174,18.3957,7.12502,17.7532,-10.8139,-4.13721e-15,6.75868e-15,-36.7151,9.72578,82.5263,27.4978,0.696941,-5.11567,17.6039,7.12502,20.6823,46.5219,-11.1491,14.5924,23.3668,27.0011,-14.4363,-11.0518,15.8673,-22.1093,3.69255,-18.5614,71.482,5.16104,1.79573,10.8213
-1.38213,16.4443,-25.5816,1.39637,3.71697,1.5198,12.2637,0.70165,-7.07115,-3.94427,-0.0742954,1.59059,-11.2508,0.536788,5.76979,-9.48608,-6.78556,-4.1489,18.5759,-9.55672,4.55634,7.70402,-4.44927,1.24674,4.24902e-15,1.51076e-14,-38.0422,-2.17338,-82.0604,25.2343,8.64704,-8.16808,18.7857,7.12502,17.7471,-10.4244,4.24902e-15,1.51076e-14,-36.4568,9.40679,82.6079,27.5348,1.03682,-5.12839,18.0357,7.12502,20.67,46.9551,-10.2209,14.7348,23.5456,26.5271,-14.778,-10.9188,16.5973,-22.6159,3.77555,-18.7146,71.2901,3.75405,2.02784,11.1074
-1.38668,16.4461,-25.5122,1.51153,3.22371,1.5439,12.2558,0.993101,-7.04102,-4.04694,0.307478,1.46833,-11.4213,0.720947,5.53435,-8.47104,-6.8984,-4.39441,18.1653,-9.76012,4.96028,7.43172,-4.55417,1.43645,-8.39244e-15,-8.15017e-15,-37.6343,-2.68548,-81.9967,25.0232,8.90909,-8.03346,18.3838,7.12502,17.8766,-10.8146,-8.39244e-15,-8.15017e-15,-36.765,9.02736,82.6171,27.9267,1.24363,-5.13346,17.8744,7.12502,20.6652,46.7942,-9.92686,14.7333,23.5337,26.1432,-14.7263,-10.5486,16.3335,-23.6588,4.19116,-18.8713,71.0927,2.32519,2.07665,11.2524
-1.39448,16.4414,-25.4477,1.77151,2.64115,1.51098,12.0229,1.23946,-6.96668,-4.08946,0.654956,1.34932,-11.3796,0.874842,5.28196,-8.07566,-6.97598,-4.31835,17.8556,-9.89166,5.06202,7.26869,-4.61655,1.46214,7.20594e-16,-6.55989e-15,-37.1663,-2.93666,-82.0812,25.1682,8.72211,-7.64818,17.6303,7.12502,18.2473,-11.5339,7.20594e-16,-6.55989e-15,-36.6447,8.75905,82.5239,28.2342,1.46619,-4.78372,18.242,7.12502,21.0012,47.125,-9.99342,14.7737,23.5357,26.0122,-14.625,-10.1118,15.7402,-24.9042,4.66364,-18.9489,70.9367,0.850155,1.94251,12.6016
-1.39688,16.4227,-25.3462,1.12374,4.71525,1.73802,12.4081,0.618815,-6.73639,-3.67015,-0.173628,1.19674,-11.0045,0.429906,5.16217,-8.50205,-7.02799,-4.24798,17.9155,-9.95787,5.0311,7.36197,-4.63583,1.41785,8.10669e-15,9.14409e-15,-36.5655,-3.06021,-82.1567,25.2757,8.52624,-7.45097,17.3492,7.12502,18.437,-11.797,8.10669e-15,9.14409e-15,-36.1247,8.79044,82.4762,28.2113,1.355,-4.55807,18.316,7.12502,21.218,47.1747,-8.41907,14.3437,23.8836,25.9989,-16.0237,-11.5081,16.3387,-25.3082,2.43852,-19.2458,70.6524,-0.500732,1.8778,13.2507
-1.39875,16.4315,-25.286,1.91871,2.67825,1.55179,11.6346,1.27104,-6.78063,-3.86513,0.750691,1.23573,-10.8998,0.877382,5.02762,-8.58658,-7.01154,-4.36896,17.9674,-9.92756,5.09017,7.4018,-4.62131,1.45517,-9.97961e-15,-9.93923e-16,-36.3367,-2.75216,-82.2342,25.4229,8.31226,-7.63381,17.8294,7.12502,18.2612,-11.3334,-9.97961e-15,-9.93923e-16,-36.2537,8.72449,82.5205,28.5027,1.58687,-4.68063,17.8895,7.12502,21.1002,46.7615,-9.52628,15.0626,23.7157,26.1292,-15.3787,-10.411,15.2777,-26.9129,4.13629,-19.237,70.3681,-2.592,1.70751,11.4245
-1.40444,16.4079,-25.2143,1.34834,4.44556,1.68231,12.7151,0.790159,-6.77202,-3.88305,0.0300419,1.27411,-11.4599,0.557219,5.2301,-8.32412,-6.95145,-4.56631,17.8914,-9.82741,5.14188,7.33808,-4.58874,1.52372,9.27455e-15,-5.96354e-15,-36.4239,-2.31411,-82.2081,25.5443,8.08958,-7.97198,18.1412,7.12502,17.9358,-11.0517,9.27455e-15,-5.96354e-15,-36.6511,8.86335,82.5349,28.6139,1.74979,-4.71319,17.5672,7.12502,21.069,46.4426,-8.17861,14.6254,24.085,26.0261,-16.5016,-11.5008,15.07,-27.5985,2.27804,-19.407,69.9454,-3.97835,1.46743,8.59503
-1.44904,16.3898,-25.1973,1.84487,4.87253,1.40829,13.4786,0.81029,-7.06198,-4.27359,-0.0396738,1.48096,-12.3625,0.605612,5.6591,-8.48046,-6.96449,-4.55201,17.9647,-9.8225,5.01972,7.38243,-4.5912,1.47619,1.42442e-14,-2.18663e-15,-36.3204,-2.26814,-82.131,25.6558,8.11372,-7.7275,18.0628,7.12502,18.171,-11.1085,1.42442e-14,-2.18663e-15,-36.5984,9.0066,82.5379,28.5773,1.58239,-4.38345,17.9424,7.12502,21.3857,46.7822,-8.5202,14.6789,24.513,25.8945,-16.6386,-11.9608,15.0734,-29.7051,2.02755,-18.9904,69.5531,-4.64811,1.16762,5.12711
-1.41461,16.4166,-25.0735,2.12335,3.3592,1.41721,12.5635,1.26629,-6.82726,-4.30657,0.673303,1.3875,-11.9518,0.903581,5.24407,-8.41197,-6.98654,-4.66578,18.1617,-9.84904,5.01766,7.44183,-4.60989,1.49103,-3.15571e-15,6.75868e-15,-36.4783,-1.93828,-82.2109,26.1555,7.68089,-7.51083,17.9264,7.12502,18.3795,-11.2253,-3.15571e-15,6.75868e-15,-36.7333,8.73739,82.6886,28.7678,1.82522,-4.43312,18.6721,7.12502,21.338,47.5173,-8.42826,14.9384,24.2454,25.7101,-16.3144,-10.9114,14.8046,-30.1014,2.84592,-19.3211,68.4455,-5.96111,1.62744,5.11252
-1.40534,16.4093,-24.9584,1.78765,4.80087,1.69152,12.6448,0.776648,-6.73104,-4.25797,0.015424,1.29094,-11.8431,0.574043,5.23197,-7.77771,-7.03027,-4.85121,17.9543,-9.91107,5.11577,7.27969,-4.66014,1.57155,1.97977e-14,1.09332e-14,-36.6229,-1.50584,-82.3685,26.5512,7.16198,-7.46451,17.8047,7.12502,18.424,-11.3428,1.97977e-14,1.09332e-14,-37.0371,8.64198,82.6818,28.7586,2.08231,-4.71798,18.6821,7.12502,21.0644,47.558,-7.22833,14.5951,24.3818,25.6719,-17.4512,-11.7832,15.4532,-30.4264,1.04983,-19.665,67.3799,-6.89439,1.73115,6.74213
-1.42072,16.392,-24.9056,1.97059,4.62617,1.54991,12.9127,0.919159,-6.7274,-4.34039,0.187305,1.30143,-12.1246,0.669295,5.20634,-7.68152,-7.13191,-4.81296,17.5877,-10.054,5.20006,7.15387,-4.72645,1.58626,-1.93007e-14,4.96962e-15,-36.2279,-1.6289,-82.4409,26.4929,7.18641,-7.67342,17.9631,7.12502,18.2231,-11.2033,-1.93007e-14,4.96962e-15,-36.8984,8.57935,82.5871,28.5528,2.22582,-4.8792,18.1082,7.12502,20.9095,47.0013,-7.06891,14.6975,24.619,25.3689,-17.339,-11.9278,14.3463,-31.4588,0.969959,-19.4693,66.2574,-7.47753,1.71304,7.0075
-1.44804,16.3745,-24.8683,2.35115,4.69523,1.46402,13.2388,1.02906,-6.8987,-4.43974,0.282371,1.34296,-12.4549,0.745942,5.33279,-8.06819,-7.23691,-4.84284,17.5652,-10.1873,5.24886,7.22646,-4.77971,1.57875,1.21197e-14,-8.54774e-15,-35.955,-1.50104,-82.566,26.7696,6.88442,-8.13912,18.0973,7.12502,17.775,-11.1103,1.21197e-14,-8.54774e-15,-36.6585,8.46035,82.6126,28.5179,2.28099,-5.01646,17.9579,7.12502,20.7776,46.8655,-7.21338,14.9572,24.8082,25.1542,-17.4075,-12.2264,14.6017,-32.8322,0.711964,-19.2618,65.0706,-7.65806,1.69033,5.91901
-1.4298,16.3894,-24.7539,2.36125,3.75346,1.36797,12.4367,1.34519,-6.68066,-4.12571,0.804173,1.25647,-11.6805,0.932663,4.98355,-8.44494,-7.30513,-4.72626,17.556,-10.2856,5.25704,7.28968,-4.81014,1.53872,9.07887e-15,-3.18055e-15,-35.4046,-1.34761,-82.7766,26.9423,6.29693,-7.94811,17.6971,7.12502,17.9588,-11.4938,9.07887e-15,-3.18055e-15,-36.3292,8.15317,82.6608,28.6989,2.56852,-5.01812,18.5253,7.12502,20.776,47.4331,-6.7246,15.367,24.8855,24.8855,-17.4189,-11.7935,14.3722,-32.9511,0.950233,-19.2152,63.5233,-8.33175,2.021,5.28249
-1.4234,16.389,-24.6597,2.28906,4.06791,1.323,12.3574,1.31015,-6.44332,-3.88997,0.797721,1.15279,-11.354,0.889126,4.73417,-9.04879,-7.381,-4.49968,17.6639,-10.4094,5.24528,7.42558,-4.84013,1.46184,-1.23635e-14,-5.96354e-16,-34.6643,-1.67412,-82.8534,26.8845,6.21857,-7.54121,17.3921,7.12502,18.3502,-11.7624,-1.23635e-14,-5.96354e-16,-35.8928,7.85887,82.6647,28.7407,2.68884,-5.0238,18.8241,7.12502,20.7705,47.7324,-5.95069,15.2798,25.1294,24.5081,-17.6837,-12.1876,13.4126,-33.3244,0.0739144,-19.1042,61.9129,-8.99641,1.94802,3.9416
-1.42153,16.3759,-24.5744,2.149,5.21291,1.50959,12.9286,1.01225,-6.48083,-3.99649,0.344662,1.12465,-11.755,0.692634,4.82972,-8.87136,-7.42367,-4.55591,17.6646,-10.4473,5.15329,7.39434,-4.8737,1.44419,3.69305e-15,9.54166e-15,-34.8145,-1.38751,-82.9055,27.1153,6.06553,-7.85601,18.1104,7.12502,18.0474,-11.0723,3.69305e-15,9.54166e-15,-36.144,7.86269,82.6373,28.7277,2.54158,-4.95773,18.6037,7.12502,20.834,47.5051,-4.85288,15.0398,25.2826,23.87,-18.2837,-12.8337,14.5133,-33.7294,-1.49806,-19.1964,60.1382,-9.53963,1.42964,3.09013
-1.41412,16.384,-24.5027,2.35702,4.67327,1.50391,13.0508,1.17572,-6.58538,-4.36455,0.533742,1.1795,-12.2809,0.822273,4.90925,-8.10096,-7.25488,-4.7577,17.529,-10.2092,5.19348,7.21417,-4.78873,1.54476,-7.79298e-15,-5.76476e-15,-35.5013,-0.68928,-83.0833,27.5399,5.73347,-8.31719,18.8552,7.12502,17.6036,-10.3679,-7.79298e-15,-5.76476e-15,-36.7227,7.8622,82.6201,28.6365,2.44673,-5.33739,18.1264,7.12502,20.4692,47.0674,-4.59674,14.9744,25.1714,23.3257,-17.9011,-12.3243,14.5008,-34.1694,-1.67917,-19.0921,58.2432,-9.84942,1.2939,5.29769
-1.40966,16.3875,-24.4137,2.35239,5.22832,1.5215,13.1294,0.975812,-6.54542,-4.48196,0.26675,1.212,-12.4252,0.703608,4.98744,-7.92983,-7.12362,-4.86919,17.7075,-10.0281,5.19164,7.23779,-4.71033,1.58422,1.22936e-14,-6.55989e-15,-35.7521,-0.110224,-83.3047,27.8684,5.28945,-8.16196,18.7811,7.12502,17.753,-10.4286,1.22936e-14,-6.55989e-15,-37.0789,7.84862,82.5921,28.5666,2.28074,-5.62766,17.9978,7.12502,20.1903,46.9686,-3.81514,15.0865,25.4006,22.8022,-18.291,-12.931,14.681,-34.4708,-2.83844,-18.9308,56.2659,-9.44355,1.62227,7.43342
-1.40547,16.394,-24.3415,2.52277,4.22203,1.24383,13.2094,1.41083,-6.44719,-4.49756,0.871268,1.26613,-12.5762,0.989384,4.84731,-8.15545,-7.30291,-4.82558,17.7343,-10.2563,5.09427,7.29145,-4.81931,1.5143,6.16854e-15,7.35503e-15,-35.1653,-0.153437,-83.3311,27.7323,5.21538,-7.81203,18.2744,7.12502,18.0897,-10.9044,6.16854e-15,7.35503e-15,-36.913,7.86973,82.5711,28.2933,1.86835,-5.41997,18.2007,7.12502,20.3899,47.1502,-3.53099,15.3814,25.5881,22.1463,-17.6171,-12.7147,12.4984,-34.7556,-2.75217,-18.4284,54.2727,-9.31631,2.26402,8.51862
-1.3919,16.3848,-24.2419,2.393,5.0425,1.34797,13.4255,1.25651,-6.2771,-4.35311,0.670009,1.15465,-12.5041,0.86861,4.67441,-8.25731,-7.4811,-4.66113,17.4431,-10.4966,5.05036,7.21626,-4.92956,1.45013,1.16227e-14,-2.38542e-15,-34.461,-0.589051,-83.2651,27.4711,5.48121,-7.58311,18.1521,7.12502,18.3099,-11.0062,1.16227e-14,-2.38542e-15,-36.4917,7.85477,82.5071,27.7332,1.46551,-5.15503,18.096,7.12502,20.6445,47.0181,-2.37197,15.4394,25.7986,21.3635,-18.1847,-13.4525,12.6893,-34.7361,-4.3474,-18.3102,52.1723,-9.54268,2.60582,7.07908
-1.3767,16.3892,-24.1517,2.49205,4.95812,1.23724,13.3079,1.24819,-6.1286,-4.39872,0.700214,1.21575,-12.4866,0.874952,4.65046,-8.14908,-7.3508,-4.72838,17.4435,-10.3112,5.0569,7.19146,-4.8468,1.48568,1.06412e-14,7.95139e-16,-34.5142,-0.125762,-83.4025,27.664,5.28512,-8.04891,18.5633,7.12502,17.8618,-10.6364,1.06412e-14,7.95139e-16,-36.5806,8.36798,82.2899,27.4071,1.00474,-5.12896,17.7436,7.12502,20.6695,46.663,-1.6674,15.4635,25.9455,20.5619,-18.1663,-13.4084,12.4104,-34.8836,-5.20101,-17.909,50.0144,-9.79581,3.00272,5.55505
-1.35972,16.4007,-24.0566,2.74224,4.84669,1.25671,12.9473,1.18917,-6.10925,-4.51609,0.65228,1.2748,-12.398,0.854095,4.71619,-7.75068,-7.2068,-4.91203,17.3602,-10.0899,5.03031,7.09072,-4.76439,1.54453,2.49413e-14,-7.7526e-15,-34.7726,0.686727,-83.5961,27.6761,5.1316,-8.71612,19.5255,7.12502,17.2197,-9.73155,2.49413e-14,-7.7526e-15,-36.9979,8.55269,82.1975,27.4335,1.02429,-5.05357,17.8373,7.12502,20.7419,46.7488,-1.06485,15.29,25.8596,19.658,-18.0116,-13.1943,12.0128,-35.07,-6.14621,-17.6058,47.7668,-9.80767,3.51173,5.81404
-1.34121,16.4037,-23.9541,2.773,5.16384,1.47889,12.9414,1.0479,-6.19494,-4.55596,0.441765,1.23925,-12.4134,0.761322,4.77547,-7.75452,-7.21345,-4.92467,17.4831,-10.0649,4.81987,7.11946,-4.76891,1.48023,-1.19209e-14,3.97569e-16,-34.7061,1.02012,-83.707,27.5961,5.35252,-8.65829,19.42,7.12502,17.2753,-9.83214,-1.19209e-14,3.97569e-16,-37.2629,8.68053,82.1011,27.3281,0.909746,-4.84779,18.0957,7.12502,20.9396,46.9854,0.0396409,15.1145,25.7485,18.5952,-17.9909,-13.4079,11.4211,-34.9454,-7.44634,-17.5044,45.5035,-9.9065,3.88621,6.88042
-1.32979,16.4068,-23.8592,2.65761,5.21846,1.55574,13.1993,1.09174,-6.20628,-4.48497,0.474361,1.16406,-12.4911,0.774459,4.69143,-8.25265,-7.28326,-4.81144,17.6869,-10.1621,4.77355,7.2702,-4.79886,1.41605,-6.15611e-15,1.35174e-14,-34.2906,1.01283,-83.8399,27.5211,5.4272,-8.24013,18.8244,7.12502,17.6778,-10.392,-6.15611e-15,1.35174e-14,-37.1145,8.61652,82.0286,26.9985,0.731949,-4.8374,18.4707,7.12502,20.9496,47.3593,1.32904,15.2005,25.8498,17.3571,-17.8144,-13.754,10.6254,-34.6944,-8.49604,-17.2009,43.286,-10.0235,4.42007,6.70972
-1.32232,16.4176,-23.7707,2.73947,4.92822,1.47,13.3268,1.28409,-6.1436,-4.47788,0.729203,1.10087,-12.5915,0.88929,4.52411,-8.68824,-7.41892,-4.60622,17.8118,-10.3582,4.69929,7.3829,-4.87463,1.32142,7.10345e-15,7.15625e-15,-33.9661,1.03294,-84.0277,27.4597,5.18096,-8.22991,18.7239,7.12502,17.6876,-10.4916,7.10345e-15,7.15625e-15,-36.9016,8.44095,82.0259,26.7181,0.549823,-5.13659,18.9648,7.12502,20.6622,47.885,2.42069,15.4814,26.0065,15.842,-17.4107,-13.8875,10.2646,-34.7259,-9.27099,-16.6312,41.1454,-9.94441,5.09966,5.47738
-1.30962,16.4304,-23.6792,2.82166,4.86334,1.27966,13.2144,1.3051,-5.97064,-4.47944,0.803407,1.15778,-12.531,0.911514,4.47096,-8.55172,-7.43313,-4.61883,17.7615,-10.3803,4.7145,7.34498,-4.88818,1.33213,1.46914e-14,5.96354e-15,-33.8747,1.20268,-84.0952,27.7387,4.93272,-7.44601,18.3658,7.12502,18.4418,-10.78,1.46914e-14,5.96354e-15,-36.8013,8.67271,81.8984,26.2718,0.259055,-5.29932,18.6411,7.12502,20.5058,47.5781,3.72087,15.5407,26.2646,13.9813,-16.9012,-14.0494,10.0245,-34.8257,-10.232,-15.9121,39.1311,-9.90632,5.68779,5.06942
-1.29328,16.4429,-23.58,2.83016,5.03402,1.11187,12.8061,1.1484,-5.80592,-4.401,0.662958,1.27405,-12.1729,0.824765,4.53873,-8.21987,-7.31419,-4.74073,17.5968,-10.2082,4.76118,7.23301,-4.81911,1.39892,2.14315e-16,-6.55989e-15,-33.8775,1.73097,-84.2394,28.0723,4.65337,-7.69493,18.9575,7.12502,18.2024,-10.2108,2.14315e-16,-6.55989e-15,-36.8621,9.29638,81.5606,25.7508,-0.220172,-5.2025,17.3867,7.12502,20.5988,46.3137,5.35376,15.4001,26.5435,11.8202,-16.2888,-14.2976,9.33701,-34.8321,-11.5751,-15.1593,37.2364,-9.99728,6.33538,6.45973
-1.27862,16.4556,-23.4813,2.94649,4.86579,0.964597,12.5022,1.12772,-5.74331,-4.44206,0.674335,1.36554,-12.0383,0.826664,4.60121,-8.08011,-7.24481,-4.85234,17.5268,-10.1071,4.81402,7.18913,-4.77745,1.44973,-8.67819e-15,1.37161e-14,-33.845,2.14046,-84.3926,27.644,5.23927,-9.88829,21.4331,7.12502,16.0912,-7.9188,-8.67819e-15,1.37161e-14,-37.2147,9.67636,81.3175,25.4921,-0.520922,-5.07281,16.9877,7.12502,20.7235,45.9012,6.99567,15.3196,26.6968,9.30315,-15.3389,-14.2563,8.45768,-34.9427,-12.7118,-14.3444,35.4619,-10.2115,7.22153,7.33194
-1.25782,16.4629,-23.3804,3.12438,4.43244,0.915353,12.3588,1.25281,-5.7909,-4.54445,0.848364,1.42642,-12.0948,0.92039,4.65624,-8.20712,-7.23575,-4.79873,17.5478,-10.059,4.60139,7.20177,-4.7661,1.37315,-2.05618e-15,6.95746e-15,-33.7517,2.52903,-84.5082,27.1349,5.61351,-10.8307,22.1335,7.12502,15.1835,-7.28937,-2.05618e-15,6.95746e-15,-37.5291,9.79616,81.2947,25.3309,-0.534583,-5.0093,17.6005,7.12502,20.7845,46.5073,8.97812,15.5085,26.6701,6.03091,-14.0073,-14.2363,8.21892,-35.0152,-13.7834,-13.6243,33.751,-10.4185,8.57463,7.30877
-1.23292,16.4672,-23.2755,3.14682,4.35712,1.03488,12.2433,1.26662,-5.91936,-4.53011,0.85488,1.45025,-12.0141,0.931667,4.75426,-8.42312,-7.17636,-4.79753,17.7304,-9.95522,4.47672,7.28738,-4.72008,1.33282,-2.3674e-14,-1.55052e-14,-33.8189,3.02159,-84.601,27.523,4.81195,-9.60502,20.3986,7.12502,16.364,-8.93106,-2.3674e-14,-1.55052e-14,-37.7048,9.86714,81.3236,25.1469,-0.514206,-4.83015,17.8375,7.12502,20.9566,46.7254,12.785,15.314,26.5169,1.27222e-14,-11.6348,-14.3604,8.07154,-34.9741,-15.2594,-13.1045,32.2017,-10.7342,10.0173,8.05515
-1.21177,16.4745,-23.1726,3.13743,4.56014,1.15623,12.087,1.15431,-5.95786,-4.46051,0.703975,1.4141,-11.8201,0.852878,4.76943,-8.5984,-7.03224,-4.78376,17.9021,-9.77466,4.54824,7.36819,-4.62093,1.36298,1.94871e-14,2.22639e-14,-33.9422,3.48142,-84.8484,28.0359,4.57454,-9.59479,19.1448,7.12502,16.3738,-10.184,1.94871e-14,2.22639e-14,-37.817,9.97143,81.2249,25.0466,-0.481887,-4.90881,17.984,7.12502,20.881,46.8802,13.2453,14.8374,26.4054,-1.11319e-14,-11.9946,-14.1023,7.7922,-35.0633,-16.9563,-12.4979,30.8426,-11.2522,11.2122,9.76988
-1.19043,16.4723,-23.0665,3.17993,4.5101,1.08198,11.8409,1.13382,-5.84528,-4.42261,0.711107,1.41258,-11.6263,0.840225,4.70097,-8.51583,-7.02159,-4.75416,17.7535,-9.76689,4.58624,7.30512,-4.61572,1.37626,-6.24308e-15,3.18055e-15,-33.924,3.73404,-85.078,27.7725,5.65222,-11.0909,19.1982,7.12502,14.9329,-10.2435,-6.24308e-15,3.18055e-15,-37.9439,10.0591,81.1194,24.8878,-0.524856,-4.94179,17.938,7.12502,20.8493,46.8377,13.6231,14.6256,26.4925,3.49861e-14,-12.3914,-13.8581,7.62669,-35.2624,-18.4385,-11.6441,29.6941,-11.9192,12.68,10.5198
-1.16792,16.4662,-22.9596,3.17463,4.22912,0.846108,11.9449,1.17063,-5.68783,-4.59417,0.788089,1.50682,-11.8924,0.882729,4.69978,-8.1208,-7.02008,-4.72748,17.5938,-9.75219,4.46091,7.1748,-4.62781,1.35031,4.01297e-15,-1.39149e-15,-34.1666,4.12718,-85.2588,27.22,6.39465,-11.9276,19.562,7.12502,14.1267,-9.93772,4.01297e-15,-1.39149e-15,-38.4871,10.3012,80.9181,24.6624,-0.710569,-4.75619,17.7816,7.12502,21.0277,46.6616,14.0093,14.6473,26.7457,-1.11319e-14,-12.6706,-13.6133,7.4196,-35.3779,-19.5981,-10.7081,28.7358,-12.6302,14.1926,10.2433
-1.14548,16.4557,-22.8636,3.11574,4.05881,0.760057,12.286,1.17776,-5.69234,-4.77539,0.781354,1.57346,-12.3077,0.90164,4.78016,-7.96997,-6.94256,-4.73025,17.8138,-9.64464,4.36276,7.20938,-4.58514,1.33275,3.97569e-15,1.39149e-14,-34.3405,4.41162,-85.3557,26.7516,6.43089,-11.9028,19.9425,7.12502,14.1507,-9.55557,3.97569e-15,1.39149e-14,-39.0309,10.5787,80.672,24.4415,-1.0113,-4.58275,17.9367,7.12502,21.1943,46.7981,14.4583,14.5463,26.8481,9.54166e-15,-12.957,-13.3612,7.08479,-35.5916,-20.8417,-9.93119,28.0213,-13.4221,15.5037,10.8369
-1.12125,16.4461,-22.7687,3.12274,4.07627,0.748104,12.1755,1.19574,-5.58209,-4.63616,0.823143,1.48375,-12.0807,0.897052,4.60676,-8.43093,-7.00432,-4.33279,17.7944,-9.73532,4.16755,7.25844,-4.61071,1.18196,4.41053e-16,5.36719e-15,-33.8786,4.38171,-85.5681,26.534,6.01293,-11.5066,20.1136,7.12502,14.5324,-9.35738,4.41053e-16,5.36719e-15,-38.7478,10.9429,80.3345,23.9608,-1.71563,-4.38177,18.0531,7.12502,21.3873,46.8927,14.8406,14.2629,26.8599,1.90833e-14,-13.127,-13.2289,5.79029,-35.9458,-22.1211,-9.22692,27.4321,-14.2555,16.5251,12.26
-1.09597,16.437,-22.67,3.14498,3.96605,0.613394,11.9638,1.24713,-5.42823,-4.48042,0.93028,1.45875,-11.783,0.921612,4.46626,-9.05116,-7.06771,-4.03724,17.7518,-9.83815,4.12012,7.3411,-4.63359,1.08724,1.72508e-14,7.95139e-16,-33.4794,4.30548,-85.7138,26.6695,5.88721,-10.1723,20.004,7.12502,15.8178,-9.36978,1.72508e-14,7.95139e-16,-38.4325,11.1068,80.1536,23.4927,-2.25378,-4.32417,18.0803,7.12502,21.4426,46.9137,15.1871,14.1172,26.9757,2.54444e-14,-13.306,-13.0746,5.02984,-36.1754,-22.9362,-8.61281,26.9163,-14.7422,17.3357,12.0912
-1.069,16.426,-22.5694,3.1634,3.67118,0.483493,11.8613,1.26457,-5.45883,-4.52873,0.969936,1.606,-11.7863,0.951508,4.63804,-8.7302,-6.95407,-4.2056,17.5886,-9.66126,4.14722,7.23338,-4.56607,1.15451,1.2188e-14,1.41137e-14,-33.8921,4.58287,-85.5993,25.6015,9.0635,-13.1945,23.8228,7.12502,12.9057,-5.75818,1.2188e-14,1.41137e-14,-38.8596,11.1431,80.2521,23.3542,-2.35687,-4.65909,18.1373,7.12502,21.1209,47.0069,15.5279,14.1555,27.0735,-5.08889e-14,-13.3658,-12.9711,4.35046,-36.2527,-23.2628,-8.24187,26.4907,-14.9886,17.8893,11.3159
-1.04109,16.4157,-22.4668,3.1814,3.38524,0.409617,11.8052,1.27166,-5.50053,-4.60352,0.984501,1.6955,-11.8437,0.969871,4.75815,-8.10184,-6.87697,-4.37023,17.4742,-9.55217,4.18508,7.0907,-4.53457,1.22809,2.80162e-15,-1.78906e-15,-34.1949,4.89332,-85.6651,25.4369,9.98152,-14.4811,24.7935,7.12502,11.6652,-4.86176,2.80162e-15,-1.78906e-15,-39.2547,11.0397,80.3,23.2199,-2.26041,-4.93492,17.9833,7.12502,20.8559,46.8823,15.8811,14.1843,27.0995,3.18055e-14,-13.5378,-12.7645,4.312,-36.3345,-23.8683,-7.84042,26.1809,-15.5526,18.459,12.3588
-1.0095,16.3995,-22.3582,3.15324,3.20701,0.46008,11.7714,1.28982,-5.52671,-4.63001,1.0003,1.64323,-11.855,0.977755,4.71179,-7.92329,-6.85401,-4.36857,17.5116,-9.54202,4.25277,7.07416,-4.52696,1.25642,1.10822e-14,1.64991e-14,-34.1492,4.94106,-85.8352,25.5789,9.06742,-13.74,24.1861,7.12502,12.3798,-5.42732,1.10822e-14,1.64991e-14,-39.1854,11.3687,79.9929,22.5538,-2.74996,-4.93571,17.8998,7.12502,20.8552,46.7989,16.3447,14.0967,26.9966,1.90833e-14,-13.7582,-12.4941,4.0476,-36.2724,-24.3402,-7.75182,25.9297,-15.8164,18.6551,13.0951
-0.975842,16.3831,-22.2479,3.08982,2.96587,0.446216,11.882,1.33963,-5.51817,-4.65896,1.06095,1.63147,-11.9623,1.00935,4.68047,-8.18779,-6.86222,-4.23157,17.6514,-9.55253,4.14321,7.15413,-4.52585,1.18725,-1.6027e-14,5.1684e-15,-34.056,5.11514,-86.0403,26.2114,6.86074,-11.3044,22.0161,7.12502,14.7273,-7.44078,-1.6027e-14,5.1684e-15,-39.2653,11.7678,79.6407,22.0342,-3.231,-4.79518,17.9892,7.12502,20.9902,46.8733,16.8628,14.0741,26.9506,1.90833e-14,-13.9072,-12.2072,3.83089,-36.0402,-24.3735,-7.8687,25.7628,-15.4623,18.6285,12.7531
-0.94515,16.3674,-22.1383,3.055,2.69142,0.33525,11.9361,1.37314,-5.53386,-4.71362,1.10959,1.71936,-12.0673,1.0429,4.77626,-8.1107,-6.86664,-4.19399,17.5291,-9.54676,4.06593,7.09485,-4.5305,1.16182,-2.72708e-15,1.78906e-15,-34.1178,5.22636,-86.0658,25.3685,8.02102,-12.4342,23.6892,7.12502,13.6386,-5.84399,-2.72708e-15,1.78906e-15,-39.7816,12.0513,79.4413,21.9403,-3.51659,-4.72385,17.8053,7.12502,21.0587,46.6818,17.3311,14.0876,27.0258,5.40694e-14,-13.8567,-12.0396,2.52676,-35.7695,-24.0541,-8.03855,25.6765,-14.9704,18.3722,11.647
-0.91625,16.3489,-22.0275,3.07676,2.32614,0.218688,11.7009,1.43231,-5.5171,-4.67652,1.21104,1.76671,-11.897,1.08597,4.79667,-8.12017,-6.8278,-4.26368,17.5127,-9.50663,4.19758,7.09947,-4.50486,1.21841,-1.12003e-14,-1.5704e-14,-34.0786,5.39799,-86.2544,25.2458,7.78523,-12.1695,23.3813,7.12502,13.8937,-6.13454,-1.12003e-14,-1.5704e-14,-40.1428,11.9874,79.4211,22.0088,-3.58963,-4.87714,17.8744,7.12502,20.9115,46.7673,17.7597,14.1981,27.0918,-3.18055e-15,-13.6826,-11.8895,1.37722,-35.5045,-23.4769,-8.27495,25.7178,-14.7085,17.6587,12.8223
-0.88229,16.3319,-21.917,3.13871,1.81783,0.122646,11.4654,1.59967,-5.47783,-4.61967,1.45678,1.76613,-11.7211,1.19297,4.72005,-8.3845,-6.85635,-4.25563,17.6328,-9.55887,4.2718,7.19081,-4.51649,1.22435,3.19298e-15,7.35503e-15,-34.1557,5.25498,-86.2488,25.2578,7.81868,-11.9946,23.1928,7.12502,14.0622,-6.31143,3.19298e-15,7.35503e-15,-40.1431,11.7119,79.5689,21.8758,-3.55364,-4.93072,18.3257,7.12502,20.86,47.2242,18.1252,14.4651,27.0699,6.36111e-15,-13.6244,-11.5841,1.68048,-35.182,-22.6469,-8.64004,25.8183,-14.2907,16.6149,15.5523
-0.845253,16.314,-21.8035,3.10439,1.4558,0.0314617,11.3574,1.72927,-5.3941,-4.57705,1.64631,1.71922,-11.6268,1.27062,4.57971,-8.55002,-6.89649,-4.00646,17.7444,-9.63742,4.1849,7.24283,-4.54072,1.142,-2.63887e-14,1.98785e-16,-34.2546,4.92487,-86.2519,25.3999,7.71867,-11.1072,22.579,7.12502,14.9172,-6.86387,-2.63887e-14,1.98785e-16,-40.1747,11.8285,79.3187,21.5386,-3.85233,-4.76719,17.8743,7.12502,21.0171,46.7555,18.5783,14.5809,27.0442,9.54166e-15,-13.737,-11.2584,1.43026,-34.757,-22.1591,-9.01699,25.9976,-13.46,15.8692,16.4844
-0.807163,16.2937,-21.6837,2.96844,1.35101,0.0747847,11.2696,1.74321,-5.462,-4.49121,1.65889,1.7103,-11.4807,1.27489,4.6067,-8.73802,-6.85128,-3.9099,17.83,-9.58083,4.13978,7.2942,-4.50649,1.10984,3.05072e-14,-1.23246e-14,-34.2508,4.79924,-86.2736,25.5364,7.51463,-10.239,21.6667,7.12502,15.7535,-7.71223,3.05072e-14,-1.23246e-14,-40.2682,12.2902,78.9551,21.1861,-4.41293,-4.51687,17.4913,7.12502,21.2575,46.3456,19.1841,14.4226,26.9174,-6.99722e-14,-13.7285,-11.0979,0.714994,-34.2281,-21.7128,-9.6288,26.2282,-12.1836,14.9538,15.1809
-0.767641,16.2776,-21.5585,2.81091,1.42521,0.0619667,11.2267,1.65216,-5.47205,-4.41657,1.5459,1.78678,-11.3588,1.22002,4.72154,-9.03575,-6.76966,-3.92178,18.1152,-9.45496,4.04639,7.4304,-4.44559,1.0796,1.04983e-15,9.54166e-15,-34.3887,5.09798,-86.3424,25.7088,7.5518,-9.88985,20.9226,7.12502,16.0897,-8.42941,1.04983e-15,9.54166e-15,-40.4168,12.7059,78.7827,20.9433,-4.83338,-4.41079,18.2797,7.12502,21.3594,47.1225,19.8583,14.0863,26.8654,5.40694e-14,-13.5354,-11.121,-0.69548,-33.8586,-21.516,-10.0675,26.5161,-10.9134,14.0379,15.7592
-0.723155,16.2662,-21.4362,2.64169,1.43492,-0.0831929,11.4126,1.6146,-5.21075,-4.3715,1.53042,1.81294,-11.4071,1.19475,4.60328,-9.3751,-6.78642,-3.77683,18.2775,-9.47821,3.92829,7.53162,-4.44893,1.00181,-1.42193e-14,-8.94531e-15,-34.3319,4.72334,-86.1925,25.6483,7.73554,-9.21445,20.4786,7.12502,16.74,-8.81963,-1.42193e-14,-8.94531e-15,-40.4003,12.565,78.8432,20.5713,-4.92745,-4.61551,18.4814,7.12502,21.1628,47.3463,20.5437,13.8203,26.9445,-1.59028e-14,-13.2134,-11.0882,-2.8615,-33.6641,-21.84,-10.0993,26.7896,-9.92075,13.7802,18.8706
-0.679741,16.2576,-21.3148,2.38157,1.31864,-0.181927,11.6716,1.59855,-5.10346,-4.37288,1.52002,1.87681,-11.5609,1.18918,4.61308,-9.48091,-6.71888,-3.64771,18.3077,-9.3742,3.76755,7.54142,-4.40294,0.936163,1.63997e-15,-1.98785e-16,-34.4802,4.77606,-86.1513,25.458,7.7161,-9.01929,20.2254,7.12502,16.9279,-9.05689,1.63997e-15,-1.98785e-16,-40.665,12.7941,78.6553,20.1566,-5.28812,-4.71535,17.7175,7.12502,21.0669,46.5931,21.3341,13.6672,26.9926,-6.36111e-15,-12.8552,-10.8896,-4.96683,-33.3251,-22.0153,-10.236,27.074,-9.04073,13.8664,20.1308
-0.634849,16.2475,-21.1947,2.27263,1.21354,0.0263916,11.7045,1.59876,-5.38083,-4.46506,1.47347,1.88841,-11.6916,1.19459,4.79458,-9.4319,-6.64399,-3.72816,18.5672,-9.27249,3.76547,7.61765,-4.35745,0.956777,4.77083e-15,-7.55382e-15,-34.96,5.25089,-86.2337,25.3655,7.45835,-9.1249,19.8914,7.12502,16.8262,-9.3996,4.77083e-15,-7.55382e-15,-41.1847,12.8217,78.5918,20.0306,-5.39661,-4.7361,17.4983,7.12502,21.047,46.3761,21.9347,13.523,26.6417,-1.59028e-14,-12.5265,-10.5906,-6.52724,-32.9821,-21.7976,-10.8296,27.3535,-8.09107,13.8313,19.8193
-0.589242,16.2374,-21.0741,2.26351,1.15749,0.24718,11.7922,1.63166,-5.56524,-4.59581,1.47305,1.81552,-11.8988,1.21443,4.81907,-9.58443,-6.68564,-3.71405,19.0267,-9.34181,3.70849,7.7958,-4.38548,0.917029,-1.58779e-14,5.96354e-15,-35.3633,4.84956,-86.0518,25.205,7.78523,-9.00186,20.0429,7.12502,16.9446,-9.23794,-1.58779e-14,5.96354e-15,-41.5959,12.7816,78.4848,19.9813,-5.56993,-4.76445,17.3456,7.12502,21.0197,46.2265,22.3893,13.3471,26.238,2.8625e-14,-12.2044,-10.3008,-7.31277,-32.6572,-21.3177,-11.5123,27.6395,-7.23126,13.4605,19.7058
-0.543902,16.2313,-20.9543,2.30486,1.02686,0.488989,11.6318,1.61428,-5.82297,-4.62952,1.41355,1.79744,-11.8427,1.20434,4.96042,-9.70238,-6.64036,-3.75627,19.1349,-9.27091,3.69023,7.85103,-4.35296,0.919508,-1.33186e-14,-6.36111e-15,-35.4043,4.33559,-85.7922,24.8706,8.27503,-8.77417,20.2221,7.12502,17.1638,-9.03983,-1.33186e-14,-6.36111e-15,-41.8113,13.0547,78.3161,19.7837,-5.74178,-4.90627,17.1087,7.12502,20.8835,46.0046,22.7762,13.2527,25.7931,5.725e-14,-11.7161,-10.0861,-8.31662,-32.3528,-20.6044,-12.2439,27.9177,-6.86255,12.8397,21.6449
-0.498565,16.2283,-20.8339,2.29178,0.92217,0.800672,11.4539,1.56915,-6.07412,-4.58156,1.31465,1.72248,-11.6744,1.16592,5.0432,-9.72153,-6.59154,-3.82883,18.964,-9.20165,3.78826,7.80352,-4.31835,0.971698,2.13072e-14,-2.90226e-14,-35.213,3.77968,-85.5867,24.2823,8.80674,-8.79195,20.31,7.12502,17.1467,-8.95343,2.13072e-14,-2.90226e-14,-41.8286,13.4278,78.0351,19.4283,-6.06101,-4.86264,17.3021,7.12502,20.9254,46.1935,23.2159,13.1295,25.2756,-1.59028e-14,-11.1412,-9.82051,-8.59046,-32.0439,-19.7581,-13.1251,28.3187,-6.71703,12.1615,23.341
-0.452682,16.2277,-20.7078,2.151,0.952227,1.09426,11.5346,1.5369,-6.31167,-4.57274,1.22126,1.66626,-11.7072,1.13752,5.13671,-9.43641,-6.60714,-3.91329,18.7643,-9.21132,3.80814,7.69209,-4.33511,1.00326,8.88319e-15,-6.75868e-15,-35.5248,3.68109,-85.4581,24.0592,8.62792,-9.04514,20.6126,7.12502,16.903,-8.67179,8.88319e-15,-6.75868e-15,-42.0747,13.5175,77.9654,19.3805,-6.16618,-4.59532,17.6173,7.12502,21.1822,46.48,23.8253,12.8602,24.8241,0,-10.4261,-9.62035,-10.209,-31.5988,-18.8673,-14.0761,28.7391,-6.49527,11.242,24.5359
-0.408065,16.2087,-20.5881,1.99745,0.983396,1.2928,11.7767,1.51877,-6.53552,-4.72599,1.14236,1.68116,-12.0266,1.13384,5.29884,-8.66363,-6.59856,-4.08364,18.5342,-9.19005,3.83497,7.48739,-4.35147,1.07162,-4.5969e-15,8.74653e-15,-36.3852,3.57785,-85.2674,24.1483,8.68692,-9.06262,20.4737,7.12502,16.8862,-8.81218,-4.5969e-15,8.74653e-15,-42.6271,13.6247,77.828,19.3187,-6.36383,-4.52425,17.7838,7.12502,21.2505,46.6389,24.4374,12.5943,24.4755,5.725e-14,-9.78506,-9.41594,-12.0124,-31.244,-17.8722,-14.8887,29.1948,-6.14598,10.2923,26.3271
-0.360095,16.2067,-20.4671,1.99254,0.974776,1.32197,11.8669,1.58284,-6.4134,-4.82018,1.23227,1.59973,-12.1955,1.17121,5.11813,-8.54591,-6.71694,-4.01091,18.6092,-9.37421,3.83805,7.49552,-4.43534,1.04585,8.38623e-15,-4.77083e-15,-36.8813,2.75539,-84.909,24.0885,9.24888,-8.48054,19.8463,7.12502,17.4464,-9.39074,8.38623e-15,-4.77083e-15,-42.597,13.4639,77.736,18.8351,-6.68089,-4.64257,17.7049,7.12502,21.1368,46.5727,22.5028,12.3602,24.2472,4.1464,-10.8257,-8.93242,-13.6763,-31.0003,-16.9146,-15.4454,29.5946,-5.85494,9.36324,29.2539
-0.309213,16.2048,-20.3437,1.98782,1.01018,1.43329,11.7053,1.61461,-6.3007,-4.75623,1.29371,1.49028,-12.0246,1.17797,4.91864,-8.75701,-6.8445,-3.92875,18.6306,-9.55874,3.83924,7.544,-4.51344,1.00656,1.27222e-14,1.19271e-14,-37.063,1.84705,-84.5682,23.8171,9.56329,-8.18892,19.7427,7.12502,17.7271,-9.46922,1.27222e-14,1.19271e-14,-42.3321,13.6202,77.5085,18.2544,-7.28448,-4.6604,17.5988,7.12502,21.1197,46.4686,20.3699,12.0837,23.8824,8.62625,-11.7503,-8.40708,-13.048,-30.7727,-16.0929,-16.0797,29.9951,-5.41863,8.49613,31.1127
-0.260714,16.205,-20.2216,1.95178,1.22673,1.4856,11.5724,1.48797,-6.23061,-4.72237,1.14724,1.52038,-11.8826,1.09886,4.94523,-8.98018,-6.84528,-3.99507,18.6886,-9.52865,3.75529,7.60068,-4.50634,0.983947,1.22998e-14,-5.96354e-15,-37.3939,1.43662,-84.2754,23.6413,9.68414,-8.83868,20.6781,7.12502,17.1017,-8.58925,1.22998e-14,-5.96354e-15,-42.3481,13.7953,77.4413,18.0155,-7.55086,-4.63946,17.7299,7.12502,21.1398,46.5974,19.1627,11.6383,23.566,11.4177,-11.8344,-7.98804,-9.66203,-30.5014,-15.4918,-16.6272,30.3175,-4.63636,7.83567,30.7013
-0.213408,16.2059,-20.0992,1.8895,1.39819,1.50156,11.5789,1.41308,-6.12641,-4.67305,1.06527,1.53247,-11.815,1.04883,4.91715,-9.23981,-6.84911,-3.94759,18.7801,-9.50687,3.59898,7.66582,-4.50086,0.917387,7.8023e-15,-3.57812e-15,-37.7932,0.479295,-83.7607,23.6925,10.4782,-9.09407,20.7865,7.12502,16.8559,-8.50192,7.8023e-15,-3.57812e-15,-42.2821,13.8662,77.4396,17.9555,-7.75195,-4.54934,17.9061,7.12502,21.2264,46.7639,18.1131,11.0457,23.1876,13.8443,-11.6718,-7.13922,-6.94424,-30.174,-15.0239,-17.1048,30.6386,-4.03727,7.30839,29.8287
-0.161165,16.2085,-19.9695,1.81366,1.44964,1.52931,11.3817,1.35613,-5.93073,-4.59751,1.03183,1.51107,-11.5975,1.00768,4.78919,-9.08633,-6.82211,-3.9292,18.7373,-9.45167,3.48323,7.61524,-4.48699,0.889256,-1.5207e-14,1.19271e-14,-38.5573,-0.366009,-83.3691,24.1436,11.0497,-8.58363,19.8671,7.12502,17.3472,-9.37872,-1.5207e-14,1.19271e-14,-42.209,13.6272,77.6872,17.9567,-7.42269,-4.66844,18.1075,7.12502,21.1119,46.9781,17.17,10.3233,22.6862,16.1573,-11.2387,-6.21927,-8.38315,-29.7367,-14.5921,-17.6161,30.9024,-3.74914,6.82158,29.6231
-0.111542,16.2157,-19.8395,1.69471,1.45301,1.55786,11.2787,1.34065,-5.83092,-4.54612,1.03714,1.5382,-11.4749,0.998721,4.76107,-9.06639,-6.80445,-4.05551,18.8018,-9.40686,3.46779,7.63675,-4.47518,0.908592,-2.04251e-14,-8.74653e-15,-39.0559,-0.547215,-83.1546,24.3261,10.8562,-8.0331,19.453,7.12502,17.877,-9.74537,-2.04251e-14,-8.74653e-15,-42.2091,13.683,77.707,17.7404,-7.76215,-4.8054,17.4625,7.12502,20.9804,46.3478,16.3117,9.50564,22.1723,18.3815,-10.4119,-5.44985,-10.7505,-29.2055,-14.2465,-18.1023,31.1214,-3.65825,6.45193,29.0303
-0.0640026,16.2291,-19.715,1.49745,1.43758,1.75316,11.4787,1.35138,-6.01728,-4.51839,1.01227,1.56158,-11.5675,1.00423,4.89825,-9.35383,-6.80388,-4.04735,19.0019,-9.37767,3.31809,7.745,-4.46696,0.848416,2.04997e-14,3.57812e-15,-39.0796,-0.370067,-82.9647,24.0484,10.0853,-7.6614,19.7723,7.12502,18.2346,-9.39304,2.04997e-14,3.57812e-15,-42.2035,13.5997,77.88,17.6054,-8.15475,-4.78839,16.9968,7.12502,20.9967,45.8802,15.4491,8.83968,21.5281,20.6482,-9.44506,-4.74962,-11.926,-28.5287,-14.0208,-18.7448,31.2571,-3.65819,6.20923,28.9597
-0.00835316,16.2401,-19.5872,1.32086,1.46988,1.92663,11.54,1.30451,-6.08765,-4.54986,0.938422,1.60982,-11.6337,0.979877,5.00805,-9.26064,-6.79897,-4.16538,19.1296,-9.33824,3.20711,7.76942,-4.46688,0.836806,-1.88845e-15,-1.59028e-15,-39.5415,-0.363298,-82.6556,24.0545,9.54174,-7.84235,20.5126,7.12502,18.0605,-8.66888,-1.88845e-15,-1.59028e-15,-42.3737,13.2221,78.3392,17.6781,-8.00971,-4.96744,17.0432,7.12502,20.8247,45.9456,14.5421,8.08846,20.81,23.0048,-8.50858,-3.87866,-11.0261,-27.824,-14.0674,-19.3555,31.3507,-3.79696,6.15014,28.5179
0.0462745,16.2494,-19.4647,1.24315,1.46469,2.09154,11.3708,1.26595,-6.06035,-4.50811,0.898115,1.57128,-11.4767,0.950214,4.95814,-8.8817,-6.78964,-4.13372,18.9215,-9.31131,3.09327,7.6247,-4.47082,0.815103,-1.03617e-14,9.14409e-15,-40.1184,-0.754454,-82.4018,24.1474,9.69315,-8.61495,21.3596,7.12502,17.3171,-7.88889,-1.03617e-14,9.14409e-15,-42.2079,12.5342,78.8982,17.6233,-7.54605,-5.0395,17.142,7.12502,20.7555,46.052,13.4768,7.34551,20.057,25.3938,-7.23005,-3.0222,-9.52599,-27.2575,-14.0078,-19.9304,31.4329,-4.00033,6.10596,26.9639
0.100526,16.25,-19.3484,1.19127,1.51048,2.33982,11.2044,1.24877,-6.04973,-4.4129,0.876963,1.45832,-11.2625,0.924053,4.83126,-8.78843,-6.8027,-4.08948,18.8158,-9.33032,3.07123,7.57071,-4.48134,0.804244,8.92046e-15,1.55052e-14,-40.4085,-1.36043,-82.042,23.9511,10.5246,-8.70647,21.304,7.12502,17.229,-7.95226,8.92046e-15,1.55052e-14,-41.8413,11.9698,79.2789,17.6133,-7.47066,-4.55328,17.7885,7.12502,21.2226,46.6468,12.2547,6.43224,19.1541,27.8441,-5.48218,-2.28096,-8.05517,-26.7584,-14.0354,-20.5621,31.5474,-4.38882,5.99948,25.9489
0.154085,16.2503,-19.2306,1.04404,1.53807,2.54885,11.2543,1.22594,-6.09575,-4.41575,0.833946,1.44199,-11.2908,0.90713,4.84864,-8.70683,-6.77148,-4.14401,18.8831,-9.26307,2.96456,7.57316,-4.46325,0.787308,4.37326e-15,1.47101e-14,-40.7826,-1.67267,-81.6508,23.762,11.0003,-8.3732,20.7464,7.12502,17.5497,-8.48148,4.37326e-15,1.47101e-14,-41.8555,11.1019,80.0093,18.0266,-6.75287,-4.38077,18.5054,7.12502,21.3883,47.3449,11.0578,5.59855,18.347,30.3837,-3.70387,-1.84761,-6.86719,-26.0971,-14.0438,-21.1726,31.5846,-4.73446,5.87021,25.6681
0.2061,16.2551,-19.1143,0.890081,1.39544,2.74207,11.4157,1.24964,-6.15651,-4.44355,0.847111,1.46034,-11.4235,0.924019,4.90103,-8.68355,-6.74223,-4.36691,19.073,-9.19567,2.96289,7.6401,-4.44533,0.826665,-2.70844e-15,1.19271e-14,-41.196,-1.59117,-81.4458,23.9096,10.3209,-8.16983,21.2009,7.12502,17.7454,-8.00938,-2.70844e-15,1.19271e-14,-41.9383,10.4618,80.665,18.2834,-6.26946,-4.50425,18.397,7.12502,21.2697,47.2499,9.68162,4.87574,17.5012,32.9985,-1.45037,-1.50299,-4.72137,-25.3464,-13.8346,-21.7808,31.4902,-4.88951,5.78872,24.7426
0.256253,16.268,-19.0018,0.854531,1.19385,3.11591,11.565,1.34382,-6.32017,-4.47404,0.920143,1.30468,-11.5597,0.968829,4.80659,-9.04404,-6.80379,-4.25638,19.3373,-9.27616,2.85677,7.7842,-4.4774,0.74921,-3.70236e-15,8.34896e-15,-41.2634,-2.09598,-81.2107,23.8776,9.9182,-7.38478,21.3936,7.12502,18.5007,-7.74658,-3.70236e-15,8.34896e-15,-41.7371,9.47053,81.265,18.3505,-5.8302,-4.48291,18.1201,7.12502,21.2902,46.9707,8.04125,4.43186,16.5306,35.6501,1.03176,-1.42803,-3.37113,-24.6293,-13.6524,-22.524,31.2341,-5.12163,5.76243,24.3754
0.306398,16.2783,-18.8895,0.857006,1.17335,3.57791,11.5928,1.39045,-6.51608,-4.4519,0.925779,1.0848,-11.5531,0.974486,4.67377,-9.43721,-6.86838,-4.08084,19.4639,-9.38583,2.84948,7.89147,-4.51015,0.690928,-1.94064e-14,-6.75868e-15,-41.2561,-2.60992,-81.0203,23.7362,10.1493,-6.83805,19.9131,7.12502,19.0266,-9.17633,-1.94064e-14,-6.75868e-15,-41.459,8.41522,81.8394,18.5751,-5.51729,-4.22653,18.0756,7.12502,21.5364,46.8982,6.41512,3.96056,15.5231,38.3341,3.33491,-1.31895,-3.06198,-23.8489,-13.7369,-23.3539,30.7961,-5.30804,5.86867,23.564
0.352827,16.2907,-18.7745,0.830599,1.07964,3.93847,11.5897,1.4524,-6.67357,-4.40036,0.96795,0.925999,-11.4998,0.995235,4.57878,-9.47355,-6.86462,-3.99489,19.3907,-9.40867,2.93594,7.87448,-4.50693,0.702808,5.31749e-15,7.95139e-15,-41.6319,-2.88203,-80.8883,23.6857,10.2258,-7.39688,19.7182,7.12502,18.4891,-9.42308,5.31749e-15,7.95139e-15,-41.2712,7.48815,82.3934,18.9141,-5.2674,-4.22839,18.285,7.12502,21.5346,47.1078,4.82261,3.67061,14.7125,41.0171,5.30979,-1.25012,-4.86744,-22.9427,-13.6355,-24.0775,30.2149,-5.46827,5.91716,22.6472
0.394623,16.3131,-18.6594,0.721783,0.833308,4.21181,11.7172,1.49555,-6.91143,-4.37114,0.978622,0.929394,-11.5532,1.01908,4.71491,-9.31062,-6.78888,-4.09109,19.2309,-9.27579,2.88944,7.78984,-4.45928,0.725485,-1.42876e-14,-1.59028e-15,-42.0037,-2.7424,-80.7354,23.634,10.1794,-8.22936,21.1432,7.12502,17.6881,-8.07226,-1.42876e-14,-1.59028e-15,-41.1761,7.06379,82.8,19.0773,-5.25481,-4.18767,17.8213,7.12502,21.5737,46.6396,3.24247,3.556,14.0463,43.6598,7.26508,-1.264,-7.34538,-21.9298,-13.4873,-24.6805,29.5994,-5.68444,6.03423,21.7827
0.43343,16.3354,-18.5488,0.675082,0.499978,4.47566,11.7241,1.53848,-7.1302,-4.36155,0.998676,0.916033,-11.5569,1.04403,4.82008,-9.26395,-6.72695,-4.18356,19.1668,-9.15996,2.8244,7.75734,-4.4182,0.733793,5.96354e-15,5.56597e-15,-42.1304,-2.88795,-80.4636,23.542,10.5139,-8.06937,21.5423,7.12502,17.8421,-7.65918,5.96354e-15,5.56597e-15,-41.0552,6.64493,83.1404,19.2342,-5.11016,-4.1388,17.5954,7.12502,21.6207,46.4083,1.50737,3.47054,13.3726,46.2897,9.49979,-1.33212,-8.60005,-21.0019,-13.4627,-25.2094,28.9544,-5.99717,6.28625,22.6144
0.473004,16.3504,-18.4395,0.660699,0.206242,4.69796,11.553,1.61736,-7.23665,-4.26361,1.09332,0.814325,-11.3576,1.08186,4.74864,-9.42793,-6.70996,-4.00395,19.217,-9.14839,2.7513,7.79022,-4.40369,0.676192,7.37988e-15,-1.66979e-14,-42.0615,-3.43556,-80.1777,23.3508,10.8576,-7.20078,20.6843,7.12502,18.6777,-8.43902,7.37988e-15,-1.66979e-14,-40.8329,5.60543,83.737,19.7787,-4.36446,-4.1051,17.7913,7.12502,21.653,46.6006,-0.289173,3.44902,12.7675,48.9094,11.701,-1.58787,-8.79584,-20.0952,-13.4187,-25.713,28.2682,-6.17653,6.47429,23.2263
0.513395,16.3645,-18.3248,0.654215,0.00020968,5.012,11.3535,1.64516,-7.4616,-4.21646,1.1045,0.737163,-11.1926,1.0924,4.79036,-9.34131,-6.7137,-4.00044,19.1047,-9.15778,2.77643,7.739,-4.40817,0.687754,2.14687e-14,-2.38542e-15,-42.2867,-3.30565,-80.2518,23.471,10.4328,-6.79273,19.4596,7.12502,19.0702,-9.62548,2.14687e-14,-2.38542e-15,-40.7427,4.93815,84.2027,20.2359,-3.77826,-4.25242,17.7319,7.12502,21.5115,46.5573,-2.07686,3.29489,12.0624,51.5284,14.0182,-1.76842,-7.15971,-19.1909,-13.3827,-26.3448,27.6497,-6.46607,6.62306,22.7983
0.546517,16.3788,-18.2153,0.680274,-0.182074,5.36111,11.2797,1.62276,-7.7918,-4.26265,1.02292,0.702044,-11.2003,1.07729,4.95676,-9.03665,-6.68818,-4.0317,18.8677,-9.09168,2.64391,7.59917,-4.3982,0.671706,-7.28049e-15,-1.35174e-14,-42.6241,-2.981,-80.3301,23.7752,10.1348,-6.3024,18.511,7.12502,19.5416,-10.5269,-7.28049e-15,-1.35174e-14,-40.7986,4.66174,84.4553,20.5853,-3.55756,-4.27662,17.683,7.12502,21.4883,46.5111,-3.95227,3.13169,11.4011,54.1425,16.4293,-2.21853,-6.12572,-18.4179,-13.4101,-26.9703,27.1462,-6.86676,6.841,21.9415
0.564713,16.383,-18.1337,0.761736,0.0110896,5.55855,11.6037,1.51583,-8.06977,-4.3346,0.801929,0.697129,-11.4522,1.00429,5.15529,-8.91397,-6.65767,-3.96605,18.6121,-9.03499,2.54645,7.48339,-4.37972,0.64437,7.8023e-15,8.74653e-15,-42.7179,-2.94828,-80.3029,23.8325,10.3434,-6.21709,18.054,7.12502,19.6237,-10.9756,7.8023e-15,8.74653e-15,-40.6988,4.44507,84.5572,20.9201,-3.45097,-4.37553,17.4539,7.12502,21.3933,46.2928,-5.77567,2.71103,11.05,56.7,18.5699,-3.68977,-3.40554,-17.904,-13.38,-27.3479,26.7018,-6.86372,6.69724,21.3786
0.570717,16.3786,-18.0698,0.917038,0.591988,5.88139,12.128,1.35975,-8.58341,-4.40789,0.450389,0.66827,-11.8104,0.89207,5.4932,-9.32169,-6.60833,-4.05787,18.857,-8.97374,2.68247,7.64529,-4.33616,0.690003,2.28602e-15,2.38542e-15,-42.6053,-3.19665,-80.1828,23.7387,10.445,-6.18446,18.2691,7.12502,19.655,-10.7573,2.28602e-15,2.38542e-15,-40.3693,4.05938,84.7391,21.1445,-3.17384,-4.58742,17.0905,7.12502,21.1898,45.9524,-7.51367,1.91174,10.6145,59.1758,20.486,-5.75059,4.17918,-17.6121,-13.2753,-27.7998,26.3524,-6.52848,6.10881,20.8391
0.584445,16.3861,-17.986,0.851651,0.68649,6.01018,12.4729,1.33284,-8.86899,-4.40753,0.333704,0.696998,-12.0069,0.86913,5.71579,-9.48441,-6.54819,-4.15286,19.0586,-8.89324,2.76398,7.7464,-4.29266,0.730681,-1.58034e-14,4.77083e-15,-42.5851,-3.41784,-80.031,23.8492,10.7522,-6.20454,18.4479,7.12502,19.6357,-10.5805,-1.58034e-14,4.77083e-15,-40.1516,3.80471,84.8945,21.3327,-2.81828,-4.62966,17.0758,7.12502,21.1492,45.9423,-9.13534,1.59493,10.4202,61.4693,22.4456,-8.04726,10.6376,-17.0227,-13.1764,-28.0988,26.1049,-6.62136,5.91114,20.8249
0.601994,16.3919,-17.8901,0.764154,0.505501,6.00482,12.5373,1.34329,-8.95766,-4.3593,0.33023,0.718039,-11.9923,0.87299,5.7909,-9.48906,-6.54544,-4.08438,19.0351,-8.90319,2.7767,7.73708,-4.29175,0.723103,3.75206e-15,7.95139e-15,-42.6477,-3.54448,-80.0138,23.9656,11.2319,-6.58164,18.7763,7.12502,19.2731,-10.2886,3.75206e-15,7.95139e-15,-40.0012,3.48434,85.0273,21.6086,-2.50573,-4.69486,17.3105,7.12502,21.0866,46.1839,-10.7742,1.54644,10.4077,63.6115,23.8959,-10.2369,15.3742,-16.4014,-12.9866,-28.2631,25.8747,-6.91635,5.86598,20.9772
0.615111,16.3937,-17.7991,0.760537,0.590078,6.08585,12.5984,1.25844,-9.08947,-4.31258,0.186739,0.69906,-11.9532,0.810692,5.87795,-9.57174,-6.532,-3.86585,18.9463,-8.88493,2.62384,7.70394,-4.2816,0.639422,4.91992e-15,1.59028e-14,-42.6554,-3.60977,-80.1218,23.9139,11.1851,-7.56279,20.3035,7.12502,18.3295,-8.85292,4.91992e-15,1.59028e-14,-39.6675,3.05654,85.1984,21.7757,-2.23665,-4.98591,17.488,7.12502,20.807,46.3923,-12.3631,1.26255,10.3265,65.6082,23.9555,-13.0694,24.264,-15.8599,-12.8717,-28.4864,25.6087,-7.12671,5.66918,20.9382
0.632788,16.3987,-17.6991,0.626597,0.448357,6.18072,12.7795,1.23754,-9.23139,-4.29672,0.117189,0.716094,-12.0353,0.793056,5.99542,-9.60359,-6.48612,-3.86367,19.0146,-8.80721,2.54041,7.72541,-4.25125,0.617898,-3.2551e-15,-3.97569e-15,-42.666,-3.72905,-80.0589,23.7683,11.0341,-8.21081,21.5895,7.12502,17.706,-7.62433,-3.2551e-15,-3.97569e-15,-39.4641,2.73019,85.3828,21.9507,-1.68573,-5.12712,17.6275,7.12502,20.6713,46.5467,-13.7867,1.14005,10.2348,67.4105,23.7536,-14.6506,29.8492,-15.1571,-12.7099,-28.7804,25.4102,-7.47586,5.64991,20.0138
0.655569,16.4044,-17.5946,0.427918,0.0179309,6.23305,12.8805,1.31161,-9.35149,-4.26863,0.193895,0.785931,-12.0817,0.84344,6.1253,-9.69003,-6.45866,-3.87054,19.099,-8.73431,2.36961,7.75858,-4.23106,0.566846,-2.98177e-15,1.74931e-14,-42.7842,-3.53199,-80.0079,23.9225,11.039,-7.53039,20.3559,7.12502,18.3607,-8.79756,-2.98177e-15,1.74931e-14,-39.4234,2.71769,85.504,22.3946,-1.11624,-5.18588,18.0747,7.12502,20.6148,47,-15.1547,1.33355,10.1907,69.0351,22.8117,-15.7041,33.9266,-14.4403,-12.4427,-29.0628,25.3069,-7.89104,5.84827,19.1179
0.67663,16.4002,-17.503,0.386243,-0.0592018,6.28159,12.8125,1.25992,-9.37102,-4.15891,0.135384,0.802998,-11.9038,0.805072,6.16806,-9.93075,-6.40528,-3.85202,19.1682,-8.64838,2.32382,7.81864,-4.18913,0.54841,-3.75206e-15,-1.43125e-14,-42.5795,-3.40156,-80.1086,24.0536,11.1737,-6.79363,18.7133,7.12502,19.0693,-10.3719,-3.75206e-15,-1.43125e-14,-39.103,2.5776,85.6241,22.903,-0.442247,-5.19509,18.8051,7.12502,20.606,47.7313,-16.596,1.14258,10.1443,70.5723,21.6041,-14.6781,33.0681,-14.0072,-12.454,-29.2877,25.2288,-8.19062,5.90724,19.6819
0.692733,16.3954,-17.4174,0.377962,-0.0256309,6.19586,12.8782,1.16305,-9.2972,-4.0855,0.0190298,0.841671,-11.8355,0.740288,6.19639,-10.0034,-6.28038,-3.87631,19.1323,-8.49132,2.44313,7.82101,-4.1043,0.605422,6.48535e-15,-6.36111e-15,-42.1672,-3.59217,-80.146,23.8503,11.3895,-6.7644,18.4851,7.12502,19.0974,-10.5973,6.48535e-15,-6.36111e-15,-38.6803,2.82569,85.4097,22.8194,-0.810473,-5.02663,18.4548,7.12502,20.7678,47.3635,-18.0146,0.872441,10.3315,71.9642,20.2457,-11.7949,27.5583,-13.6211,-12.4278,-29.3323,25.1467,-8.41301,5.87019,20.1035
0.704581,16.4005,-17.3299,0.306382,-0.207723,6.15268,13.1601,1.17683,-9.3232,-4.13716,0.00344433,0.868459,-12.0626,0.74992,6.24866,-9.94305,-6.19671,-3.96614,19.1362,-8.39622,2.60891,7.81979,-4.05101,0.685442,1.2921e-15,7.95139e-16,-42.153,-3.75375,-80.1352,23.7943,11.5793,-7.10404,18.9858,7.12502,18.7708,-10.1285,1.2921e-15,7.95139e-16,-38.6337,3.03626,85.1627,22.8697,-1.20604,-5.11094,17.5834,7.12502,20.6868,46.5009,-19.5651,0.845432,10.5477,73.2931,18.4381,-8.42615,19.1436,-13.095,-12.2345,-29.4263,25.0204,-8.62886,5.98815,20.0553
0.718345,16.4086,-17.2331,0.246915,-0.359277,6.10978,13.3252,1.134,-9.34832,-4.27021,-0.0752092,0.933646,-12.3026,0.735617,6.35822,-9.31032,-6.16011,-4.08508,18.9994,-8.34381,2.60845,7.66492,-4.04516,0.732789,-6.4605e-16,5.56597e-15,-42.6452,-3.38306,-80.3107,24.0773,11.0463,-7.58567,19.4526,7.12502,18.3075,-9.70586,-6.4605e-16,5.56597e-15,-38.7223,3.42092,84.9698,22.9336,-1.24032,-5.30546,17.2299,7.12502,20.4999,46.1676,-21.0623,0.750314,10.7393,74.4093,16.3586,-5.6525,11.86,-12.5348,-12.2796,-29.5368,24.9071,-9.11618,6.21239,20.7273
0.734203,16.4094,-17.1336,0.153183,-0.311451,6.29499,13.3441,1.03419,-9.51738,-4.2548,-0.244039,0.914386,-12.2674,0.665766,6.47328,-8.88685,-6.10887,-4.05478,18.8944,-8.27536,2.53327,7.5476,-4.02425,0.726202,1.03617e-14,7.15625e-15,-42.8121,-3.11176,-80.5298,24.1796,10.6721,-7.7758,19.3748,7.12502,18.1246,-9.80076,1.03617e-14,7.15625e-15,-38.4345,3.35371,85.0099,22.9029,-0.771989,-5.50015,17.1415,7.12502,20.3128,46.0993,-22.2505,0.481292,10.5917,75.2499,14.0741,-3.81111,9.71092,-11.8869,-12.315,-29.9237,24.7461,-9.52418,6.2951,21.3646
0.750575,16.3969,-17.0398,0.0618931,-0.247825,6.43978,13.3475,0.981231,-9.49451,-4.08318,-0.317007,0.790568,-12.0559,0.605434,6.33619,-9.47644,-6.13182,-3.70749,19.0892,-8.32631,2.40326,7.69713,-4.02633,0.601157,3.47873e-16,-1.59028e-15,-42.5069,-3.48013,-80.5824,24.0605,10.972,-7.69283,19.3872,7.12502,18.2044,-9.78088,3.47873e-16,-1.59028e-15,-37.847,3.19349,84.9444,23.0418,-0.548829,-5.49023,17.2605,7.12502,20.3223,46.2173,-23.3845,0.330417,10.486,75.8478,11.7144,-2.54151,9.38557,-11.3296,-12.4315,-30.2813,24.6784,-9.84762,6.34276,22.0808
0.762583,16.391,-16.9529,0.0609416,-0.233224,6.44557,13.4679,0.952064,-9.38013,-4.01897,-0.353212,0.719199,-12.0453,0.573205,6.20049,-9.95793,-6.13432,-3.4393,19.1641,-8.35368,2.35048,7.79429,-4.01796,0.52119,6.23687e-15,5.56597e-15,-42.43,-3.50661,-80.7869,24.3461,10.5259,-7.48199,19.1895,7.12502,18.4072,-9.9596,6.23687e-15,5.56597e-15,-37.4093,3.35741,84.7394,23.1373,-0.779633,-5.46384,17.3902,7.12502,20.3477,46.3443,-24.557,0.236875,10.6138,76.1988,9.70477,-1.72993,9.07777,-10.9711,-12.5164,-30.4265,24.7112,-10.308,6.25297,22.9854
0.773794,16.3819,-16.8665,0.11114,-0.350229,6.48057,13.5402,0.863832,-9.48481,-4.01308,-0.488977,0.803261,-12.058,0.521855,6.38801,-10.1064,-5.97294,-3.49621,19.2047,-8.11977,2.36316,7.83004,-3.90727,0.553095,7.95139e-16,-2.38542e-15,-42.3688,-3.11811,-80.923,24.5827,10.1819,-7.21884,19.2333,7.12502,18.6603,-9.89163,7.95139e-16,-2.38542e-15,-37.0548,3.89646,84.5995,23.0335,-0.96515,-5.27092,17.6708,7.12502,20.5331,46.6049,-25.836,0.301364,10.7195,76.4251,7.98118,-1.21085,8.76786,-10.743,-12.4826,-30.5915,24.851,-10.6941,6.41295,22.6144
0.784419,16.3763,-16.7722,0.139169,-0.573123,6.42648,13.5003,0.82008,-9.54686,-3.97549,-0.540282,0.914406,-11.9812,0.502341,6.55945,-10.2032,-5.85946,-3.52403,19.3088,-7.94703,2.30643,7.87521,-3.83038,0.55248,1.30701e-14,3.97569e-15,-42.2277,-3.02591,-80.9242,24.5495,10.2862,-6.95162,19.1334,7.12502,18.9174,-9.96665,1.30701e-14,3.97569e-15,-36.7651,4.08011,84.6654,23.1735,-0.743859,-5.33113,17.8782,7.12502,20.4752,46.8186,-27.0471,0.558545,10.9433,76.3882,6.1129,-0.974402,7.91979,-10.4814,-12.3631,-30.672,25.0048,-11.0375,6.65837,21.8733
0.791913,16.3747,-16.6794,0.160456,-0.630896,6.29546,13.5722,0.783742,-9.47085,-4.04815,-0.579267,0.978424,-12.0998,0.490741,6.59979,-9.96004,-5.81674,-3.53449,19.3153,-7.88766,2.27251,7.83083,-3.80953,0.55695,6.65929e-15,-7.95139e-16,-42.4054,-3.08808,-80.9475,24.6943,10.2731,-6.32311,18.5179,7.12502,19.5217,-10.5221,6.65929e-15,-7.95139e-16,-36.7093,4.00287,84.7147,23.3831,-0.53316,-5.48024,17.793,7.12502,20.3319,46.7487,-28.0252,0.618933,11.2754,76.0967,4.54538,-0.935436,7.77336,-10.182,-12.4043,-30.6536,25.1395,-11.4943,6.73749,22.3719
0.801237,16.3689,-16.5873,0.150952,-0.60254,6.12405,13.7071,0.681614,-9.27774,-4.08827,-0.688644,1.05086,-12.2038,0.43543,6.60045,-9.99117,-5.74861,-3.62256,19.5032,-7.79107,2.30621,7.90087,-3.76512,0.588455,-7.50412e-15,9.54166e-15,-42.5617,-2.71568,-81.2223,25.1877,9.91031,-6.07269,17.7275,7.12502,19.7625,-11.2878,-7.50412e-15,9.54166e-15,-36.7341,4.16872,84.6877,23.7456,-0.612744,-5.41447,17.9723,7.12502,20.3951,46.9213,-28.8657,0.514292,11.6339,75.6133,3.17994,-0.938543,7.2596,-9.78382,-12.5883,-30.6289,25.2075,-11.8972,6.88421,22.4698
0.810412,16.3608,-16.4932,0.112098,-0.67505,6.08571,13.6899,0.630067,-9.18689,-3.9357,-0.73315,1.0392,-12.0076,0.390579,6.54286,-10.2688,-5.73883,-3.43508,19.3933,-7.78712,2.25224,7.90384,-3.75201,0.534012,5.86415e-15,-1.11319e-14,-42.3279,-2.55341,-81.5278,25.5195,9.63579,-6.44163,18.6298,7.12502,19.4078,-10.4216,5.86415e-15,-1.11319e-14,-36.3093,3.93351,84.8374,24.0763,-0.345683,-5.49541,18.9839,7.12502,20.3174,47.9411,-29.7371,0.548207,11.8414,75.0048,1.73194,-0.939143,5.28636,-9.32409,-12.7364,-30.762,25.184,-12.2704,7.16815,21.9651
0.815018,16.3572,-16.3972,0.143015,-0.661462,6.12735,13.6543,0.553945,-9.20285,-3.892,-0.835643,1.01181,-11.9167,0.335393,6.54339,-10.223,-5.69954,-3.29371,19.1824,-7.74831,2.23375,7.8176,-3.72769,0.513733,1.06847e-15,9.54166e-15,-42.2898,-2.45856,-81.736,25.6952,9.39098,-7.08646,20.404,7.12502,18.7877,-8.70865,1.06847e-15,9.54166e-15,-35.965,3.89376,84.8735,24.2851,-0.108113,-5.60461,19.7383,7.12502,20.2124,48.7067,-30.5774,0.517266,11.9643,74.2291,0.30426,-1.11154,4.68511,-8.90889,-12.8492,-30.9349,25.0973,-12.6337,7.40268,21.1317
0.8168,16.3507,-16.3002,0.136998,-0.690265,6.17229,13.8713,0.511052,-9.30542,-3.98615,-0.940594,1.00523,-12.1368,0.309124,6.62671,-10.1489,-5.58572,-3.30386,19.2962,-7.62008,2.34973,7.84327,-3.65686,0.567095,-1.03865e-14,1.03368e-14,-42.4999,-2.38076,-81.8779,25.9105,9.24625,-7.695,21.0089,7.12502,18.2023,-8.15942,-1.03865e-14,1.03368e-14,-35.932,3.66447,84.9318,24.5912,0.473091,-5.57054,19.8819,7.12502,20.2451,48.8468,-31.3531,0.648975,12.0896,73.3492,-1.14205,-1.56555,6.01534,-8.4246,-12.9349,-31.1208,24.9985,-13.0025,7.67662,20.0727
0.818791,16.343,-16.2001,0.142669,-0.97462,6.25585,13.8622,0.548158,-9.50364,-3.97277,-0.924584,1.02068,-12.1198,0.331105,6.75342,-10.1468,-5.482,-3.3162,19.2677,-7.49934,2.47545,7.83525,-3.58892,0.622949,3.8266e-15,1.43125e-14,-42.6322,-2.22619,-81.9957,26.2283,9.1381,-8.21846,21.0519,7.12502,17.6986,-8.16264,3.8266e-15,1.43125e-14,-35.74,3.44331,85.0634,24.6712,0.783882,-5.56938,19.5426,7.12502,20.2463,48.5074,-32.1849,1.02748,12.1674,72.3336,-2.46779,-2.01543,7.40191,-7.96605,-13.0027,-31.3483,24.9205,-13.4749,8.11112,19.807
0.821474,16.3307,-16.1093,0.17136,-1.25992,6.29057,13.8483,0.564137,-9.64935,-3.90516,-0.919216,1.07537,-12.0345,0.340007,6.89584,-10.2756,-5.41395,-3.22881,19.1312,-7.39463,2.39118,7.80298,-3.54028,0.590161,8.29926e-15,7.15625e-15,-42.7595,-1.61936,-82.2639,26.7124,8.61061,-8.64559,21.2115,7.12502,17.2876,-8.03962,8.29926e-15,7.15625e-15,-35.3814,3.64442,85.0708,24.5443,0.51289,-5.68466,18.8428,7.12502,20.1355,47.8194,-33.0597,1.34323,12.2721,71.1646,-3.20316,-2.45269,8.65088,-7.51393,-13.0562,-31.5203,24.7946,-13.8883,8.5282,19.8797
0.825364,16.3215,-16.0199,0.168272,-1.41668,6.29144,14.0052,0.580037,-9.65214,-3.891,-0.914732,1.07605,-12.1131,0.346584,6.90131,-10.4767,-5.39516,-3.05175,19.074,-7.36585,2.25658,7.80676,-3.52461,0.515631,5.24295e-15,-5.56597e-15,-42.8629,-1.16392,-82.5713,27.0526,7.99523,-8.53755,20.7401,7.12502,17.3915,-8.50189,5.24295e-15,-5.56597e-15,-35.1209,3.50023,85.1871,24.7124,0.728559,-5.72497,18.9079,7.12502,20.0967,47.8885,-33.7492,1.58215,12.3684,69.8274,-3.92767,-2.93162,8.06985,-7.02421,-13.018,-31.6538,24.6633,-14.1997,8.72173,19.4926
0.827026,16.3223,-15.9186,0.200129,-1.59354,6.34192,13.9647,0.579949,-9.7462,-3.91829,-0.92944,1.07751,-12.1182,0.34814,6.95972,-10.2312,-5.31928,-3.08564,18.9409,-7.2745,2.34377,7.72085,-3.47985,0.567683,-4.14963e-15,-8.74653e-15,-42.9909,-0.9504,-82.7923,27.2524,7.67595,-8.50066,20.3391,7.12502,17.4271,-8.89972,-4.14963e-15,-8.74653e-15,-35.0391,3.42201,85.2556,24.9644,1.01641,-5.7047,18.9438,7.12502,20.1162,47.9223,-34.2796,1.94239,12.3978,68.2974,-5.09237,-3.28517,8.37756,-6.51035,-12.9963,-31.8429,24.5235,-14.5483,8.93398,18.9878
0.825316,16.3075,-15.8139,0.145524,-1.94477,6.43082,14.0078,0.642053,-9.9397,-3.89447,-0.887585,1.06533,-12.1264,0.381575,7.04777,-10.1775,-5.23468,-3.1206,18.953,-7.18626,2.50502,7.72018,-3.42607,0.636121,-7.20594e-16,-2.38542e-15,-43.0612,-0.719269,-83.0675,27.4712,7.55637,-8.7328,20.3271,7.12502,17.2036,-8.93138,-7.20594e-16,-2.38542e-15,-34.9815,3.18501,85.3487,25.2737,1.20857,-5.78526,19.0187,7.12502,20.0388,48.0054,-34.7843,2.49094,12.3937,66.6982,-6.0213,-3.62545,10.0547,-5.82054,-12.9672,-32.0924,24.2192,-14.9686,9.26095,18.8882
0.824312,16.2839,-15.7136,0.133878,-1.99479,6.60661,14.1303,0.602806,-10.1556,-3.8786,-0.995858,1.05307,-12.1608,0.347938,7.18661,-10.2972,-5.17,-3.13845,19.0216,-7.09431,2.51091,7.76237,-3.38095,0.646162,-1.71452e-15,5.56597e-15,-43.0041,-0.665044,-83.2068,27.6552,7.50806,-8.68985,20.2849,7.12502,17.245,-8.96992,-1.71452e-15,5.56597e-15,-34.698,3.16102,85.4381,25.2315,1.21804,-5.89204,18.9312,7.12502,19.9361,47.9286,-35.2522,2.71173,12.248,65.0075,-6.49825,-3.97093,11.3229,-5.08919,-12.999,-32.4249,23.6944,-15.0919,9.46634,18.4963
0.824607,16.2779,-15.6126,0.287602,-1.75883,7.0197,14.1374,0.491274,-10.4983,-3.9412,-1.2279,0.945692,-12.1925,0.263697,7.31754,-10.6197,-5.13834,-3.11787,19.2834,-7.04696,2.46821,7.90315,-3.35463,0.621853,3.95085e-15,1.59028e-15,-43.0075,-0.692788,-83.2887,27.8171,7.41327,-8.53341,20.2871,7.12502,17.3955,-8.95451,3.95085e-15,1.59028e-15,-34.4809,3.27859,85.4432,25.2907,1.03945,-5.776,18.8784,7.12502,20.0477,47.8641,-35.6563,2.56286,11.7493,63.1271,-7.00085,-3.92725,7.31626,-4.51507,-13.032,-32.9806,23.2061,-15.0129,9.5709,16.9979
0.82435,16.2848,-15.5118,0.45528,-1.87499,7.25342,14.1233,0.51978,-10.6886,-3.99992,-1.23845,0.854655,-12.2525,0.274772,7.32628,-10.9386,-5.15554,-3.05494,19.4191,-7.07936,2.46795,8.00427,-3.36015,0.597775,-5.00689e-15,1.11319e-14,-43.1158,-0.638225,-83.4601,28.0146,7.06046,-8.53606,20.446,7.12502,17.393,-8.79578,-5.00689e-15,1.11319e-14,-34.2979,3.19439,85.5185,25.5045,0.884152,-5.76374,18.9521,7.12502,20.0595,47.9366,-36.0424,2.80614,11.4756,61.0169,-7.58927,-3.56489,10.7747,-3.99374,-13.053,-33.3226,22.7952,-15.3124,9.68931,16.7913
0.815871,16.2814,-15.4106,0.515178,-2.10316,7.03011,14.0903,0.523567,-10.6138,-4.01954,-1.20531,0.948219,-12.2607,0.290762,7.3813,-10.8114,-5.09176,-3.01526,19.2295,-7.00032,2.49421,7.91537,-3.32077,0.613971,3.35449e-16,4.77083e-15,-43.2835,-0.472786,-83.6324,28.1783,6.73571,-8.66964,20.6701,7.12502,17.2644,-8.58308,3.35449e-16,4.77083e-15,-34.1571,2.89287,85.6954,25.5151,1.15457,-5.93714,18.8287,7.12502,19.8928,47.8306,-36.2538,3.42944,11.7726,58.7355,-7.80081,-3.29263,13.331,-3.37943,-13.0062,-33.1504,22.3773,-15.6157,9.83715,16.4401
0.80916,16.2702,-15.3076,0.589553,-2.32006,6.83721,13.95,0.463139,-10.5406,-4.04183,-1.24557,1.04564,-12.1917,0.267512,7.45542,-10.7603,-5.01188,-2.96954,19.4028,-6.88264,2.37636,7.95408,-3.27235,0.579785,-2.10091e-14,1.43125e-14,-43.3518,-0.188986,-83.8466,28.2555,6.55765,-8.80894,20.8501,7.12502,17.1303,-8.41477,-2.10091e-14,1.43125e-14,-33.9663,3.11628,85.6283,25.266,0.962085,-5.95615,18.1508,7.12502,19.8745,47.1546,-36.4341,4.07998,11.9607,56.3404,-7.01033,-3.70953,11.8262,-2.79909,-12.8722,-33.0113,21.9763,-15.8278,10.0348,15.8298
0.803451,16.2632,-15.2045,0.660905,-2.66681,6.82567,13.9104,0.487206,-10.6292,-4.09477,-1.22315,1.09094,-12.2339,0.292103,7.55244,-10.6256,-4.93533,-2.97467,19.5076,-6.78039,2.3597,7.96119,-3.22692,0.588315,-6.48535e-15,1.59028e-15,-43.4221,0.120246,-84.0867,28.3081,6.31512,-8.94664,20.6147,7.12502,16.9978,-8.66162,-6.48535e-15,1.59028e-15,-33.868,3.27645,85.6358,25.2902,0.804824,-5.85819,18.039,7.12502,19.9687,47.033,-36.6018,4.89105,11.8713,53.8562,-5.94065,-4.60217,13.9011,-2.22617,-12.8495,-33.1035,21.6106,-16.1657,10.3157,15.8719
0.796925,16.2665,-15.0998,0.811719,-2.90291,6.81657,13.8377,0.522881,-10.618,-4.13842,-1.16798,1.08147,-12.2532,0.319653,7.52081,-10.3147,-4.88477,-2.90788,19.0359,-6.7282,2.43305,7.74758,-3.19824,0.620227,3.926e-15,-2.38542e-15,-43.4332,0.026875,-84.1621,28.3546,6.2124,-8.83673,20.1152,7.12502,17.1036,-9.15196,3.926e-15,-2.38542e-15,-33.6467,2.9841,85.7772,25.3698,1.12089,-5.95406,18.0019,7.12502,19.8765,47.0055,-36.7311,5.73569,11.6852,51.2934,-4.813,-5.48951,16.9232,-1.63992,-13.0064,-33.2046,21.1098,-16.4465,10.6811,15.4871
0.792373,16.2673,-14.9961,0.921905,-2.98457,6.81382,13.8874,0.564677,-10.5146,-4.15233,-1.108,1.0047,-12.3129,0.340236,7.36195,-10.5017,-4.97043,-2.78974,18.9847,-6.86238,2.43629,7.76389,-3.25143,0.584005,-3.75206e-15,-1.74931e-14,-43.5019,-0.321251,-84.1092,28.4236,6.43796,-8.5204,20.0719,7.12502,17.4081,-9.16854,-3.75206e-15,-1.74931e-14,-33.3864,2.65741,85.8753,25.5595,1.25942,-5.78168,18.1659,7.12502,20.0422,47.1523,-36.7463,6.38523,11.4399,48.7382,-6.90899,-4.7758,9.7043,-0.873867,-12.9952,-33.2913,20.3605,-16.555,10.7455,15.1793
0.788383,16.2654,-14.8878,1.06501,-3.13774,6.72125,13.8358,0.581451,-10.4331,-4.2,-1.06154,1.04813,-12.3462,0.362002,7.35301,-10.7323,-5.04832,-2.76539,19.2452,-6.94653,2.27633,7.88703,-3.29961,0.509881,2.08724e-15,1.59028e-15,-43.6088,-0.286879,-84.0876,28.4435,6.46729,-8.37518,20.4133,7.12502,17.5478,-8.81472,2.08724e-15,1.59028e-15,-33.2438,2.81825,85.8845,25.5428,0.912827,-5.37974,18.2148,7.12502,20.4285,47.1602,-36.7514,7.12279,11.235,46.1657,-7.37486,-4.76225,8.1526,-0.0576126,-13.0015,-33.2958,19.4731,-16.5637,10.9521,15.0391
0.778661,16.2621,-14.7783,1.18475,-3.3262,6.80364,13.7389,0.590265,-10.5895,-4.25357,-1.06862,1.0663,-12.3496,0.374157,7.46316,-10.5802,-4.99183,-2.75214,19.1619,-6.85248,2.18367,7.82557,-3.26549,0.492376,4.05024e-15,2.38542e-14,-43.7032,-0.19887,-84.1367,28.485,6.54796,-8.54069,20.4801,7.12502,17.3885,-8.76212,4.05024e-15,2.38542e-14,-33.1245,2.9707,85.9374,25.4138,0.709802,-5.4551,18.0995,7.12502,20.3561,47.0527,-36.7412,8.00115,10.8028,43.6105,-7.48165,-5.23985,7.97506,0.80526,-12.9559,-33.4747,18.543,-16.6109,11.1943,14.3786
0.766683,16.257,-14.6666,1.2645,-3.32552,6.84283,13.7771,0.538328,-10.5996,-4.34735,-1.1564,1.01628,-12.4643,0.342114,7.43567,-10.5175,-4.9756,-2.59503,19.2741,-6.83562,2.03783,7.83971,-3.26017,0.421424,-2.13694e-15,-1.11319e-14,-43.8844,-0.288091,-84.252,28.4892,6.59457,-8.52506,20.3221,7.12502,17.4036,-8.91877,-2.13694e-15,-1.11319e-14,-33.1172,2.81364,85.9576,25.5397,0.903532,-5.69727,18.09,7.12502,20.1233,47.0678,-36.5459,9.01197,10.2933,41.0548,-7.98414,-5.83117,8.31528,1.82956,-12.9856,-33.5862,17.466,-16.5949,11.2478,14.1779
0.751971,16.2626,-14.5504,1.33705,-3.23772,6.70499,13.736,0.457192,-10.4593,-4.34916,-1.23085,1.04398,-12.4244,0.294893,7.4029,-10.599,-4.89507,-2.6779,19.3748,-6.74541,2.20681,7.89472,-3.20538,0.495933,6.95746e-15,7.95139e-16,-43.9271,-0.212594,-84.4025,28.3569,6.41544,-8.4668,20.7353,7.12502,17.4596,-8.5006,6.95746e-15,7.95139e-16,-32.9973,2.70742,86.0199,25.7305,1.1229,-5.71253,18.346,7.12502,20.1087,47.3254,-36.2828,10.2203,9.86641,38.5491,-8.52773,-6.64445,8.88965,2.98523,-13.1365,-33.5079,16.1933,-16.4479,11.4044,13.4147
0.734424,16.2694,-14.4332,1.44916,-3.05555,6.78958,13.5553,0.342752,-10.6445,-4.29641,-1.38811,1.10005,-12.2191,0.222687,7.60192,-10.7481,-4.72091,-2.83806,19.2775,-6.51104,2.42323,7.89628,-3.08373,0.61431,8.92046e-15,3.73715e-14,-43.8215,-0.0651006,-84.4564,28.1704,6.25731,-8.75003,20.9159,7.12502,17.187,-8.34404,8.92046e-15,3.73715e-14,-32.8233,2.86263,86.106,25.8212,1.0235,-5.63953,18.3881,7.12502,20.1788,47.36,-36.0954,11.6106,9.06637,36.2026,-9.206,-7.72159,9.32848,4.15889,-13.1748,-33.604,14.7412,-16.0571,11.4732,11.7627
0.718661,16.2691,-14.3182,1.56119,-2.79693,6.87588,13.5513,0.223164,-10.6884,-4.32633,-1.56263,1.06341,-12.2143,0.14273,7.62585,-10.8838,-4.71937,-2.68443,19.1442,-6.52068,2.37846,7.86973,-3.08104,0.571625,1.5617e-14,-4.77083e-15,-43.8367,-0.113126,-84.5232,28.1022,6.18158,-8.993,20.8172,7.12502,16.9532,-8.46295,1.5617e-14,-4.77083e-15,-32.6571,2.97259,86.0859,25.6822,0.694574,-5.71831,18.0326,7.12502,20.1031,47.0125,-35.9303,13.1027,8.14778,34.0303,-10.0308,-8.93415,9.08705,5.4865,-13.2711,-33.7136,13.0593,-15.6357,11.4422,10.7755
0.704086,16.2646,-14.1987,1.64293,-2.67184,6.96314,13.4078,0.158994,-10.6787,-4.30078,-1.63769,0.978876,-12.0837,0.0922143,7.53506,-10.6601,-4.726,-2.58274,18.8176,-6.55465,2.44205,7.72111,-3.08974,0.581492,3.13583e-14,2.3059e-14,-43.9182,-0.266635,-84.5553,28.1741,6.2762,-8.88378,20.8888,7.12502,17.0583,-8.3823,3.13583e-14,2.3059e-14,-32.2531,2.97772,86.0285,25.4022,0.568599,-5.6136,17.8524,7.12502,20.2038,46.8217,-35.8722,14.5935,7.21474,32.1305,-10.5824,-10.1245,8.30361,7.11617,-13.4157,-33.8807,10.9827,-15.202,11.5304,10.4097
0.690718,16.2657,-14.072,1.63663,-2.7142,7.00674,13.2722,0.147628,-10.6271,-4.29401,-1.6338,0.914604,-11.9967,0.080556,7.42641,-10.3907,-4.66967,-2.72585,18.7878,-6.49923,2.65918,7.6741,-3.05694,0.688168,5.5287e-15,1.03368e-14,-44.0761,-0.426247,-84.5511,28.0566,6.37959,-8.57404,21.17,7.12502,17.3564,-8.07505,5.5287e-15,1.03368e-14,-32.1248,2.81892,86.0516,25.3967,0.81477,-5.6506,18.1879,7.12502,20.1682,47.161,-35.8142,16.2356,6.30208,30.3951,-10.9588,-11.2392,8.99448,8.92322,-13.1663,-34.01,8.75387,-14.6971,11.3835,9.68043
0.673863,16.2636,-13.9495,1.66148,-2.80976,7.1362,13.2647,0.19797,-10.7631,-4.34003,-1.59612,0.887067,-12.0542,0.113027,7.4654,-10.5884,-4.76883,-2.80787,19.1477,-6.61037,2.55835,7.8311,-3.11934,0.648645,-1.69215e-14,2.22639e-14,-44.271,-0.571767,-84.4489,27.9118,6.5795,-8.6341,21.2384,7.12502,17.2986,-8.01168,-1.69215e-14,2.22639e-14,-32.1877,2.61057,86.2331,25.4186,1.02321,-6.21396,17.8001,7.12502,19.6267,46.8293,-35.9363,17.9214,5.244,28.8752,-11.5463,-12.2759,11.4221,10.9338,-12.8773,-34.1838,6.07354,-14.0041,11.2361,9.15914
0.655595,16.2568,-13.8315,1.75283,-2.86886,7.0466,13.1802,0.211704,-10.6412,-4.32365,-1.54221,0.902555,-11.9956,0.125285,7.39765,-11.0128,-4.83745,-2.68471,19.3513,-6.68413,2.35463,7.96544,-3.15757,0.541179,6.5102e-15,2.46493e-14,-44.3743,-0.696955,-84.3806,27.8407,6.91911,-8.87709,21.3647,7.12502,17.0647,-7.90578,6.5102e-15,2.46493e-14,-31.9875,2.342,86.401,25.4069,1.14139,-6.45132,17.6859,7.12502,19.3984,46.7383,-36.1962,19.5503,4.40553,27.5784,-12.3781,-13.2586,14.1117,14.1519,-12.6392,-34.052,1.17774,-12.2833,11.1339,8.57814
0.637596,16.2447,-13.7115,1.86383,-2.88382,7.0414,13.0844,0.18716,-10.6179,-4.37389,-1.56188,0.906755,-11.9919,0.116022,7.39109,-11.0853,-4.7334,-2.64038,19.2107,-6.55876,2.43794,7.92969,-3.0872,0.574137,4.16205e-15,2.38542e-15,-44.5082,-0.834693,-84.2622,27.713,7.34307,-9.08492,21.4117,7.12502,16.8647,-7.87596,4.16205e-15,2.38542e-15,-31.949,2.40385,86.4092,25.4862,1.14439,-6.24703,17.7362,7.12502,19.5949,46.7688,-36.4985,20.8551,3.59656,26.5795,-12.9244,-14.2072,14.506,15.1826,-12.4506,-34.027,1.90833e-14,-12.1178,10.9478,8.04875
0.615337,16.2279,-13.5909,1.96409,-2.658,7.17955,13.0717,0.076954,-10.795,-4.47909,-1.74508,0.92543,-12.0663,0.0531787,7.55608,-11.0103,-4.64762,-2.74249,19.2027,-6.43971,2.52289,7.91672,-3.031,0.633036,2.36057e-15,1.59028e-15,-44.6609,-0.662504,-84.2692,27.6173,7.18996,-8.80152,21.0662,7.12502,17.1375,-8.19802,2.36057e-15,1.59028e-15,-32.0989,2.75499,86.343,25.5313,0.900672,-6.03889,17.6438,7.12502,19.795,46.6558,-36.677,21.7179,2.82958,25.8727,-13.3832,-15.1058,14.0296,15.5859,-12.4972,-34.1666,1.27222e-14,-12.3656,10.782,7.05673
0.592973,16.2152,-13.4624,1.98956,-2.43653,7.13992,13.0827,-0.0109769,-10.7082,-4.5228,-1.84994,0.940134,-12.1011,0.00168967,7.5477,-10.8675,-4.70637,-2.81987,19.1615,-6.51938,2.57563,7.88424,-3.07167,0.658488,-8.01351e-15,-1.27222e-14,-44.8729,-0.668713,-84.246,27.4967,7.04464,-8.51659,21.3301,7.12502,17.4117,-7.91009,-8.01351e-15,-1.27222e-14,-32.0715,2.99592,86.2574,25.4244,0.629678,-5.73493,17.7598,7.12502,20.0871,46.7414,-36.7725,22.5982,2.36782,25.4877,-14.3006,-15.7928,14.5184,16.1091,-12.514,-34.1411,-4.45278e-14,-12.6656,10.646,5.97486
0.576993,16.2013,-13.3369,2.04888,-2.45464,7.22168,13.0139,-0.0132096,-10.7039,-4.51197,-1.84501,0.92262,-12.0486,-0.00128949,7.52117,-10.6413,-4.7229,-2.82824,18.7047,-6.53552,2.61187,7.69463,-3.08333,0.680229,-7.56624e-15,1.59028e-15,-44.9256,-0.851491,-84.0695,27.2378,7.31337,-8.52682,21.4373,7.12502,17.4019,-7.80375,-7.56624e-15,1.59028e-15,-31.8631,3.03264,86.2994,25.2633,0.614559,-5.53893,17.7834,7.12502,20.2755,46.7452,-36.8285,23.01,1.99273,25.0559,-15.2022,-15.6061,17.4649,16.5153,-12.3077,-34.246,-4.77083e-14,-13.0513,10.4466,4.97653
0.556534,16.1849,-13.2214,2.27377,-2.26505,7.38565,12.9265,-0.0605135,-10.7809,-4.58215,-1.92111,0.87917,-12.0618,-0.0299955,7.53074,-10.7493,-4.68913,-2.81664,18.6317,-6.49028,2.63748,7.68907,-3.05765,0.689364,1.54804e-14,7.95139e-16,-44.8618,-1.23128,-83.7859,26.9007,7.85737,-8.43665,20.9652,7.12502,17.4887,-8.26818,1.54804e-14,7.95139e-16,-31.7408,3.41983,86.2119,25.1282,0.0649691,-5.34579,17.4311,7.12502,20.4611,46.373,-36.9268,22.8701,1.65737,24.7499,-16.0176,-14.9223,22.6197,16.714,-12.3516,-34.3813,-1.59028e-14,-13.3287,10.2866,4.05972
0.497582,16.1648,-13.0863,2.11976,-2.31953,6.58899,12.8701,-0.0140432,-10.5289,-4.4976,-1.76352,1.21186,-11.9556,0.0316616,7.72479,-10.7122,-4.62788,-2.94551,18.7318,-6.40617,2.73675,7.72077,-3.01688,0.751281,1.00759e-14,1.74931e-14,-44.9595,-1.39796,-83.6408,26.6656,8.04323,-8.6497,20.6539,7.12502,17.2836,-8.59751,1.00759e-14,1.74931e-14,-31.76,3.55435,86.211,25.1935,-0.193638,-5.2199,17.5923,7.12502,20.5821,46.5212,-36.7834,24.4395,2.28242,24.5727,-17.0937,-15.4878,27.3462,17.4265,-12.0761,-33.3723,1.90833e-14,-13.8452,10.0143,4.33418
0.470788,16.1367,-12.9516,2.00532,-2.19772,6.62905,12.7278,-0.0519086,-10.5489,-4.38603,-1.79449,1.21074,-11.7334,-0.0010775,7.73253,-10.5706,-4.60788,-3.01308,18.6887,-6.36888,2.74289,7.68253,-3.00537,0.771943,1.08089e-15,1.35174e-14,-45.0192,-1.5262,-83.4863,26.287,8.30823,-8.93271,21.2125,7.12502,17.0112,-8.06268,1.08089e-15,1.35174e-14,-31.5564,3.1759,86.4214,25.138,0.262247,-5.47825,18.0891,7.12502,20.3338,47.0446,-36.4562,24.4243,2.5034,24.6649,-17.0979,-14.9443,30.9269,18.1199,-11.9708,-33.4356,5.725e-14,-14.217,9.90648,3.44934
0.452906,16.1124,-12.833,2.16073,-1.79558,6.96864,12.6751,-0.219954,-10.6625,-4.42807,-2.04905,1.09881,-11.6973,-0.119728,7.72381,-10.692,-4.58149,-2.90537,18.7236,-6.32373,2.60989,7.7062,-2.98689,0.71242,1.26725e-15,-4.13472e-14,-45.0026,-1.64267,-83.3438,25.8262,8.51189,-9.16743,21.8846,7.12502,16.7853,-7.40986,1.26725e-15,-4.13472e-14,-31.3617,3.31077,86.4033,24.8512,0.353838,-5.51242,18.2932,7.12502,20.301,47.2522,-36.2642,23.279,2.61533,24.9641,-16.519,-13.9441,33.9445,18.4544,-12.202,-33.7978,2.22639e-14,-14.4225,9.83774,2.62843
0.431996,16.0947,-12.7089,2.31891,-1.44889,7.17749,12.6736,-0.329265,-10.6594,-4.53224,-2.21038,1.02087,-11.7847,-0.190352,7.67082,-11.0202,-4.58731,-2.81355,18.9991,-6.31566,2.43573,7.84686,-2.98664,0.630837,1.5704e-14,-7.95139e-15,-45.1471,-1.71319,-83.2574,25.6557,8.3763,-8.88799,21.5993,7.12502,17.0543,-7.67208,1.5704e-14,-7.95139e-15,-31.443,3.75359,86.2737,24.6553,-0.0590324,-5.68586,17.8391,7.12502,20.1343,46.8158,-36.2537,22.3708,2.84222,25.6994,-15.8167,-13.486,35.9431,18.8037,-12.3823,-33.9927,9.54166e-15,-14.5375,9.74093,1.76648
0.40845,16.0818,-12.5705,2.30791,-1.3498,7.17386,12.8669,-0.334196,-10.4803,-4.69773,-2.22316,0.982404,-12.0948,-0.184434,7.54173,-11.0736,-4.58472,-2.82107,19.2182,-6.31251,2.40984,7.92843,-2.98589,0.620457,7.47927e-15,2.06736e-14,-45.546,-1.92066,-83.091,25.5527,8.5712,-8.48555,21.1091,7.12502,17.4416,-8.1284,7.47927e-15,2.06736e-14,-31.8757,3.95286,86.1793,24.7998,-0.433509,-5.49894,18.04,7.12502,20.314,46.9977,-36.1748,21.8952,3.34001,26.5563,-14.4461,-13.9826,35.2418,19.3923,-12.2767,-33.9861,3.18055e-14,-14.6539,9.65335,1.06894
0.380188,16.073,-12.428,2.19133,-1.37905,7.07777,13.0428,-0.280573,-10.2232,-4.77885,-2.13798,0.914891,-12.3194,-0.149793,7.31038,-10.6881,-4.66929,-2.77643,18.9659,-6.45165,2.47293,7.78013,-3.04991,0.631336,8.22472e-15,-1.51076e-14,-45.8508,-2.40935,-82.8654,25.2033,9.14515,-8.78311,21.3025,7.12502,17.1552,-7.96012,8.22472e-15,-1.51076e-14,-32.1768,3.77454,86.1489,25.0405,-0.338986,-5.43385,18.3195,7.12502,20.3765,47.2705,-36.0307,21.3894,4.03011,27.3771,-12.8205,-14.3344,34.5857,20.0971,-12.0238,-33.8775,2.22639e-14,-14.7138,9.61168,-0.0733089
0.349048,16.0646,-12.2961,2.1589,-1.44506,6.97588,12.9384,-0.22755,-10.0889,-4.63842,-2.01882,0.937803,-12.1177,-0.121523,7.22491,-10.7022,-4.77294,-2.77445,18.6062,-6.576,2.45004,7.66666,-3.11367,0.614184,1.15792e-14,2.38542e-14,-45.6594,-2.7753,-82.5641,24.7188,9.57316,-9.1442,21.8594,7.12502,16.8076,-7.4332,1.15792e-14,2.38542e-14,-31.7937,3.70256,86.2513,24.7475,-0.326116,-5.94854,17.5724,7.12502,19.8818,46.5755,-36.0265,20.7034,4.69044,28.1177,-11.1401,-14.4999,33.5074,20.6521,-11.758,-33.7357,4.13472e-14,-14.5145,9.68478,-2.37849
0.315247,16.058,-12.1735,2.25821,-1.49249,6.79071,12.8722,-0.21111,-10.0161,-4.55508,-1.95385,1.08963,-11.9901,-0.100097,7.33547,-11.2389,-4.72865,-2.97082,18.7648,-6.47212,2.46772,7.81974,-3.06781,0.647419,-1.24489e-14,7.95139e-15,-45.3191,-3.11466,-82.0224,24.1682,10.0215,-8.98509,22.2651,7.12502,16.9608,-7.01436,-1.24489e-14,7.95139e-15,-31.5209,4.02414,86.3427,24.4147,-0.57181,-6.41648,17.0548,7.12502,19.432,46.1038,-36.1433,20.1927,5.31695,28.7951,-9.59399,-14.6427,31.7013,21.0056,-11.5465,-33.4499,-3.18055e-15,-14.2038,9.64058,-3.63463
0.277834,16.0589,-12.0525,2.38144,-1.44053,6.39327,12.953,-0.270537,-9.76173,-4.64497,-1.98088,1.27638,-12.1345,-0.110398,7.41314,-11.3966,-4.60368,-3.02125,18.9659,-6.28726,2.44244,7.9101,-2.98244,0.661029,-4.06266e-15,-1.03368e-14,-45.3501,-3.43003,-81.5809,23.6943,10.6219,-9.09235,22.3126,7.12502,16.8575,-6.97573,-4.06266e-15,-1.03368e-14,-31.8143,4.4796,86.238,24.5385,-0.713801,-6.3556,17.3155,7.12502,19.4905,46.3586,-36.1633,19.7639,6.17475,29.4503,-8.54729,-14.6372,31.3747,21.358,-11.4365,-32.9096,-1.90833e-14,-13.8669,9.4738,-4.63163
0.239425,16.0569,-11.9257,2.48588,-1.26696,6.1814,12.9436,-0.376563,-9.60911,-4.73354,-2.0935,1.33111,-12.2085,-0.164923,7.41452,-10.9281,-4.51604,-2.9713,18.7491,-6.20172,2.54359,7.75329,-2.93626,0.708205,-2.93953e-14,-4.53229e-14,-45.463,-3.71173,-81.3453,23.3077,11.0447,-9.1921,22.0288,7.12502,16.7615,-7.26767,-2.93953e-14,-4.53229e-14,-32.1514,4.89814,85.9945,24.6952,-0.820653,-5.89877,17.8627,7.12502,19.9297,46.8608,-36.085,19.2962,6.82897,30.0908,-8.15166,-14.3507,32.3692,21.7704,-11.443,-32.5812,-4.13472e-14,-13.2602,9.44959,-5.881
0.202453,16.0526,-11.793,2.52335,-1.09259,6.1394,12.8974,-0.46869,-9.56168,-4.76172,-2.20716,1.31661,-12.1912,-0.223424,7.39431,-10.413,-4.45956,-2.97409,18.3855,-6.14546,2.65227,7.54336,-2.90881,0.765184,-9.29318e-15,-4.77083e-15,-45.4175,-4.1008,-81.0636,22.7707,11.4602,-9.242,22.1686,7.12502,16.7135,-7.13187,-9.29318e-15,-4.77083e-15,-32.3574,5.33906,85.7329,24.6424,-0.898426,-5.76474,17.8123,7.12502,20.0585,46.7969,-35.9535,18.9725,7.25833,30.7484,-7.87452,-14.1761,32.5494,22.2322,-11.4383,-32.458,-4.45278e-14,-12.5426,9.43958,-7.0723
0.163033,16.0509,-11.6629,2.49708,-1.14397,5.9654,12.9968,-0.449592,-9.49369,-4.85011,-2.17955,1.35936,-12.3595,-0.199335,7.4056,-10.4645,-4.44251,-2.66477,18.467,-6.12249,2.35938,7.55882,-2.90241,0.619991,4.77083e-15,-2.38542e-15,-45.5231,-4.74701,-80.5408,22.1893,12.0362,-9.3026,22.5284,7.12502,16.6551,-6.77702,4.77083e-15,-2.38542e-15,-32.7963,5.65697,85.5636,24.6883,-1.10942,-5.8346,17.5944,7.12502,19.9913,46.586,-35.8196,18.626,7.94152,31.4408,-7.29745,-13.8282,32.1393,20.8849,-11.1985,-32.1935,3.20401,-13.0914,9.34497,-7.90413
0.124689,16.0471,-11.5321,2.40534,-1.36393,5.83109,13.165,-0.398152,-9.55772,-4.90547,-2.12833,1.48472,-12.5319,-0.14963,7.58349,-10.8877,-4.39888,-2.59632,18.8955,-6.03869,2.15184,7.76447,-2.86906,0.535514,1.94809e-14,-1.19271e-14,-45.5344,-5.1197,-80.0053,21.6974,12.5723,-9.15787,22.3101,7.12502,16.7945,-6.98357,1.94809e-14,-1.19271e-14,-33.3486,5.87057,85.5932,24.8566,-1.17332,-6.09082,17.687,7.12502,19.745,46.7042,-35.6674,18.1837,8.65824,32.1557,-6.78512,-13.1452,32.2698,19.4578,-10.7775,-31.9945,6.63858,-13.6978,9.27105,-9.06153
0.0867886,16.0513,-11.3952,2.20986,-1.43664,5.87696,13.3671,-0.381948,-9.75205,-4.88462,-2.15667,1.54207,-12.6201,-0.138373,7.77608,-10.968,-4.32919,-2.70811,19.0114,-5.93105,2.19022,7.81927,-2.82046,0.574374,-5.44173e-15,4.77083e-15,-45.3924,-5.33723,-79.6265,21.2026,13.0394,-9.12297,21.9449,7.12502,16.8281,-7.34596,-5.44173e-15,4.77083e-15,-33.7162,6.27388,85.4835,24.9023,-1.26267,-6.09509,17.7612,7.12502,19.7409,46.7788,-35.3212,17.8341,9.15587,32.8774,-6.45363,-12.6406,32.303,18.665,-10.4931,-31.9636,9.13122,-13.8293,9.08579,-10.109
0.0457386,16.0564,-11.2592,2.04322,-1.34555,6.01669,13.4424,-0.40784,-10.0216,-4.84552,-2.24804,1.54555,-12.5969,-0.161929,7.95794,-10.7483,-4.29527,-2.6835,18.8096,-5.88571,2.18083,7.71085,-2.80198,0.578879,-7.40473e-15,-1.51076e-14,-45.2916,-5.7754,-79.1807,20.7726,13.5711,-8.96496,21.7743,7.12502,16.9802,-7.50353,-7.40473e-15,-1.51076e-14,-34.0175,6.60844,85.3231,24.934,-1.21182,-5.92462,17.9325,7.12502,19.9048,46.9331,-34.9887,17.586,9.47466,33.6402,-6.38832,-12.3009,32.2303,18.1469,-10.3882,-31.9729,11.0147,-13.4255,8.9209,-11.6069
0.00280497,16.0595,-11.128,1.92406,-1.2978,6.15807,13.4177,-0.392711,-10.285,-4.78783,-2.27743,1.49198,-12.5062,-0.165692,8.05136,-10.6992,-4.27741,-2.58603,18.7769,-5.88404,2.20363,7.68879,-2.79303,0.572025,4.24902e-15,3.26007e-14,-45.2176,-6.2297,-78.8794,20.4264,13.8358,-9.03761,21.3306,7.12502,16.9102,-7.95316,4.24902e-15,3.26007e-14,-34.1279,7.10514,85.0093,24.7427,-1.68173,-5.68058,18.1563,7.12502,20.1394,47.1325,-34.7489,17.379,9.77185,34.4235,-6.29661,-11.9203,31.7883,17.635,-9.94552,-31.8534,12.7119,-12.7252,8.47113,-12.9513
-0.0388214,16.066,-10.9864,1.78389,-1.09266,6.29773,13.2828,-0.434936,-10.4531,-4.71522,-2.35854,1.38131,-12.3231,-0.212292,8.02995,-10.786,-4.26511,-2.49084,18.9481,-5.90551,2.28452,7.76097,-2.78676,0.57714,1.13804e-14,-7.95139e-16,-45.1794,-7.02109,-78.4191,20.0465,14.4693,-8.81576,21.0701,7.12502,17.1238,-8.19526,1.13804e-14,-7.95139e-16,-34.2444,7.25079,84.7564,24.5054,-1.7672,-5.55507,17.9293,7.12502,20.26,46.8927,-34.2878,17.075,10.1032,35.1227,-6.36978,-11.5513,31.4316,17.0631,-9.52774,-31.6903,14.6314,-12.0336,7.88442,-14.2039
-0.0793333,16.0705,-10.8442,1.58955,-1.0188,6.48107,13.1996,-0.396457,-10.601,-4.62458,-2.33446,1.24384,-12.1752,-0.210504,7.94556,-10.9924,-4.31851,-2.39381,19.1272,-6,2.28536,7.85665,-2.82084,0.545445,3.82412e-14,-3.18055e-14,-45.2136,-7.74665,-77.9843,19.8061,15.0236,-8.58248,21.3005,7.12502,17.3483,-7.94527,3.82412e-14,-3.18055e-14,-34.4684,6.78847,84.7885,24.5426,-1.12393,-5.15098,18.0979,7.12502,20.6483,47.0195,-33.7436,16.9111,10.3729,35.6887,-6.57501,-11.2175,31.0718,16.4295,-8.93998,-31.5419,16.6717,-11.409,7.11266,-13.445
-0.120053,16.0814,-10.7064,1.4845,-1.18594,6.39613,13.1356,-0.294531,-10.555,-4.57214,-2.1839,1.19188,-12.111,-0.152297,7.8225,-10.9921,-4.37581,-2.41777,19.2735,-6.10034,2.3832,7.91174,-2.85964,0.569609,8.12532e-15,2.14687e-14,-45.2022,-8.48652,-77.5725,19.4936,15.568,-8.6516,21.8379,7.12502,17.2818,-7.41373,8.12532e-15,2.14687e-14,-34.5834,6.70967,84.6385,24.4053,-1.24447,-4.85377,18.4112,7.12502,20.9339,47.3015,-33.2912,16.9823,10.8873,36.0911,-6.74561,-10.9601,30.3309,15.5547,-8.10484,-31.0565,18.8064,-10.6582,6.37329,-11.4598
-0.160034,16.1006,-10.5647,1.38659,-1.20972,6.31665,13.133,-0.249568,-10.5376,-4.62937,-2.12458,1.18138,-12.1898,-0.118484,7.78937,-10.083,-4.44176,-2.57525,18.8351,-6.19786,2.54249,7.61672,-2.91755,0.662944,-5.26779e-15,2.62396e-14,-45.3729,-8.87466,-77.281,19.3378,15.8771,-8.64366,21.5649,7.12502,17.2894,-7.68607,-5.26779e-15,2.62396e-14,-34.9321,6.7445,84.4876,24.3175,-1.52356,-4.77881,18.2794,7.12502,21.0059,47.1618,-32.6515,17.0529,11.3733,36.3282,-7.00804,-10.7495,29.5827,14.5185,-7.37379,-30.5696,21.1434,-9.62471,5.71501,-10.9052
-0.197505,16.1169,-10.4198,1.31731,-1.19225,6.19071,13.0193,-0.243785,-10.3829,-4.69459,-2.08009,1.17083,-12.2087,-0.106646,7.67564,-9.75075,-4.4734,-2.6961,18.851,-6.25002,2.64975,7.57155,-2.94529,0.720139,6.36111e-15,1.27222e-14,-45.6228,-8.86695,-77.274,19.3948,15.5962,-8.49868,20.8725,7.12502,17.429,-8.36612,6.36111e-15,1.27222e-14,-35.2763,6.9373,84.2543,24.1772,-1.74558,-4.5565,18.0992,7.12502,21.2195,46.9578,-31.9627,17.0443,11.9028,36.4572,-7.28121,-10.5632,29.0221,13.3503,-6.64542,-30.0383,23.6568,-8.33647,5.11955,-11.9274
-0.238646,16.1327,-10.2815,1.29679,-1.10405,5.88131,12.933,-0.304586,-10.114,-4.78063,-2.09988,1.24139,-12.253,-0.127588,7.60461,-9.84483,-4.396,-2.81988,19.1903,-6.14494,2.71243,7.70312,-2.89431,0.765959,8.79622e-15,2.38542e-15,-45.8251,-8.69855,-77.3466,19.3512,15.3048,-8.70054,20.8299,7.12502,17.2347,-8.42581,8.79622e-15,2.38542e-15,-35.6234,7.15696,84.0584,24.227,-1.90706,-4.41213,18.652,7.12502,21.3582,47.4949,-31.2556,17.197,12.5956,36.4677,-7.73046,-10.6381,28.8421,11.9951,-5.72292,-29.1495,26.2817,-6.81791,4.373,-12.7472
-0.283991,16.1491,-10.1568,1.35031,-0.862642,5.70754,12.9665,-0.376387,-10.0915,-4.87505,-2.19325,1.31493,-12.3614,-0.158661,7.70023,-9.84652,-4.3312,-3.01667,19.393,-6.05821,2.86052,7.77886,-2.85178,0.853572,1.82136e-14,1.51076e-14,-45.993,-8.34685,-77.5027,19.5062,14.8711,-8.63278,21.2535,7.12502,17.2999,-7.99654,1.82136e-14,1.51076e-14,-35.8466,7.40277,83.8956,24.1518,-2.43024,-4.23274,18.7361,7.12502,21.5304,47.5594,-30.6291,17.1649,13.1135,36.4026,-8.24705,-10.6938,28.9793,10.3825,-4.85129,-28.3018,28.9942,-5.25178,3.58132,-11.8714
-0.320215,16.1624,-10.0302,1.3438,-0.902704,5.3131,12.9507,-0.339093,-9.69278,-4.91473,-2.06297,1.37985,-12.4279,-0.120149,7.51732,-10.2239,-4.333,-3.07408,19.762,-6.07452,2.95462,7.97484,-2.84684,0.880894,-3.18304e-14,-2.46493e-14,-46.1796,-7.94992,-77.8107,19.8352,14.2357,-8.53828,20.8302,7.12502,17.3908,-8.41183,-3.18304e-14,-2.46493e-14,-36.0291,7.9113,83.4853,23.8329,-3.2344,-4.0835,18.2298,7.12502,21.6738,47.0366,-29.9479,17.0244,13.9047,36.2211,-8.4438,-10.5038,28.9283,8.78317,-3.91905,-27.3698,31.8596,-3.41957,3.24593,-9.93421
-0.350473,16.1787,-9.8972,1.2338,-1.09475,4.91806,12.9702,-0.279882,-9.23757,-4.93668,-1.89686,1.43254,-12.5021,-0.0705006,7.2809,-10.5901,-4.32861,-3.02844,20.0459,-6.0678,2.90198,8.1325,-2.83813,0.84643,1.20762e-14,1.03368e-14,-46.2544,-7.64097,-78.0548,19.9245,13.7498,-8.64453,20.6774,7.12502,17.2886,-8.57362,1.20762e-14,1.03368e-14,-36.2194,8.4894,83.0454,23.6341,-3.40748,-3.93715,18.2582,7.12502,21.8143,47.0487,-29.1469,17.0827,14.6923,35.9884,-8.6256,-10.327,29.0257,7.26676,-2.90545,-26.4948,34.7668,-1.19146,3.07114,-8.59083
-0.387427,16.1904,-9.77201,1.22014,-0.925358,4.48607,12.896,-0.355339,-8.82957,-4.92162,-1.90671,1.5104,-12.4389,-0.108812,7.13335,-10.6268,-4.33106,-2.95274,19.9715,-6.08188,2.90296,8.11228,-2.83921,0.832552,3.90115e-15,-1.74931e-14,-46.161,-7.46617,-78.2599,19.9979,13.4515,-8.41478,21.1193,7.12502,17.5097,-8.11214,3.90115e-15,-1.74931e-14,-36.2126,9.08617,82.5326,23.2687,-3.32576,-3.9077,17.4263,7.12502,21.8426,46.2135,-28.3503,17.0279,15.5041,35.6946,-8.8868,-10.4124,28.3053,5.53873,-2.25179,-25.5265,37.7201,0.933364,2.58016,-7.21062
-0.423839,16.2034,-9.6458,1.27712,-0.496532,4.14577,12.7571,-0.454724,-8.44529,-4.9089,-1.95474,1.53087,-12.334,-0.168537,6.93986,-10.5186,-4.44168,-2.83725,19.7749,-6.24802,2.88539,8.02799,-2.91424,0.794359,6.95746e-15,2.78299e-15,-46.0828,-7.27557,-78.54,20.162,13.0199,-8.24353,21.5298,7.12502,17.6745,-7.68691,6.95746e-15,2.78299e-15,-36.1801,9.37877,82.1341,22.9841,-3.25216,-3.8155,16.2974,7.12502,21.9311,45.0743,-27.5158,16.6856,16.197,35.3174,-9.24909,-10.3613,28.3872,3.7417,-1.86478,-24.6819,40.6218,3.10049,2.16285,-4.57087
-0.460549,16.2276,-9.52334,1.3723,-2.45201e-06,3.88914,12.8008,-0.568957,-8.22198,-5.0004,-2.06875,1.59626,-12.4464,-0.227446,6.91585,-9.85865,-4.55254,-2.94203,19.2904,-6.39257,2.95389,7.75867,-2.99747,0.838724,-1.96797e-14,-1.59028e-15,-46.104,-6.84634,-78.8365,20.33,12.4145,-8.40389,21.2656,7.12502,17.5202,-7.96496,-1.96797e-14,-1.59028e-15,-36.4422,9.34813,82.1209,23.066,-3.85156,-4.11682,16.105,7.12502,21.6418,44.9156,-26.6789,16.2268,16.7808,34.857,-9.53408,-10.3019,28.5166,1.82778,-1.51849,-23.9029,43.4676,5.30753,1.92293,-2.48012
-0.493074,16.2563,-9.40019,1.37633,0.426731,3.54815,12.8868,-0.652903,-7.8697,-5.03059,-2.11949,1.65694,-12.5279,-0.27121,6.79887,-9.22601,-4.64944,-3.1452,18.866,-6.53526,3.18118,7.5251,-3.07162,0.950671,-1.64246e-14,1.47101e-14,-46.0914,-6.32147,-79.2555,20.5866,11.4981,-8.41639,21.0668,7.12502,17.5082,-8.1648,-1.64246e-14,1.47101e-14,-36.6346,9.19155,82.2284,23.2948,-4.2162,-4.44973,16.6476,7.12502,21.322,45.4947,-25.7148,15.9209,17.4597,34.3245,-9.80364,-10.3619,28.0069,0.00251849,-1.25271,-23.1305,46.213,7.60447,1.95377,-1.90606
-0.526041,16.2782,-9.27227,1.28421,0.850602,3.13059,12.8713,-0.737667,-7.48517,-4.95945,-2.15015,1.73729,-12.434,-0.320363,6.67239,-9.41659,-4.70486,-3.13967,18.9271,-6.6228,3.24491,7.5844,-3.10375,0.956689,-1.36664e-15,3.97569e-16,-46.0017,-5.94121,-79.582,20.9186,10.8803,-8.27273,20.9848,7.12502,17.6464,-8.2344,-1.36664e-15,3.97569e-16,-36.6908,9.14893,82.1983,23.6922,-3.97614,-4.08819,17.9275,7.12502,21.6693,46.7349,-24.5952,15.7027,18.2555,33.7494,-10.1677,-10.4408,27.8979,-1.58666,-0.977702,-22.2739,48.8592,10.1639,2.28469,0.286717
-0.556016,16.293,-9.15135,1.28296,1.13836,2.91824,12.8195,-0.780716,-7.30914,-4.93189,-2.16755,1.76756,-12.3696,-0.345755,6.60572,-10.0666,-4.70994,-3.11752,19.281,-6.64759,3.32031,7.82067,-3.09386,0.956243,-2.32578e-14,5.96354e-15,-45.9694,-5.63883,-79.7773,21.2707,10.7072,-8.12595,21.0394,7.12502,17.7876,-8.16708,-2.32578e-14,5.96354e-15,-36.6974,9.45051,81.8974,23.4208,-4.39888,-4.22561,17.6644,7.12502,21.5373,46.4869,-23.7147,15.5414,18.7408,33.1818,-10.1912,-10.4531,27.7697,-3.20751,-0.613477,-21.6866,51.4368,12.6617,2.97255,3.67209
-0.577716,16.3082,-9.03293,1.33216,1.08731,2.77827,12.7216,-0.680273,-7.1904,-4.97598,-2.00236,1.78684,-12.3909,-0.273945,6.51997,-9.92985,-4.77494,-3.15052,19.2562,-6.73512,3.32728,7.7924,-3.13933,0.958559,-5.01931e-15,-4.37326e-15,-46.0882,-5.35751,-79.8621,21.6902,10.4314,-7.25303,20.4693,7.12502,18.6275,-8.65886,-5.01931e-15,-4.37326e-15,-36.8061,10.0412,81.4965,23.0574,-4.8357,-4.36951,16.9505,7.12502,21.3991,45.7888,-23.0328,15.3904,19.0913,32.6582,-11.4515,-10.188,30.1397,-4.89243,0.0398725,-21.2865,53.9528,14.7918,3.68147,4.63749
-0.604303,16.3243,-8.92303,1.27907,1.18728,2.64002,12.8375,-0.562212,-7.12192,-4.99537,-1.8403,1.78489,-12.5124,-0.195768,6.44883,-9.46193,-4.94366,-3.13431,18.9373,-6.9684,3.3258,7.61093,-3.25949,0.946673,2.83268e-15,-7.95139e-16,-46.049,-5.09779,-80.0719,21.9572,9.83685,-6.66863,19.6932,7.12502,19.1895,-9.38005,2.83268e-15,-7.95139e-16,-36.8624,9.92601,81.5537,23.6294,-3.92319,-3.91882,18.3551,7.12502,21.8319,47.1436,-22.2601,15.2088,19.4846,32.212,-10.5502,-10.1672,28.9137,-6.59794,0.53285,-20.8677,56.3609,16.9916,4.84358,8.62743
-0.636622,16.34,-8.81354,1.21214,1.38047,2.49761,13.0052,-0.516325,-7.14064,-4.93739,-1.78745,1.8278,-12.5546,-0.166107,6.50162,-9.89906,-5.04115,-3.10879,19.0252,-7.11439,3.39464,7.72517,-3.31308,0.937881,1.9456e-14,-1.59028e-14,-45.7926,-4.69028,-80.3228,22.1028,9.51624,-7.01189,19.5832,7.12502,18.8594,-9.52256,1.9456e-14,-1.59028e-14,-36.7517,9.57096,81.8524,24.3482,-2.80624,-3.72045,20.0083,7.12502,22.0224,48.7745,-21.4216,14.9464,19.9219,31.7712,-10.8171,-10.0748,28.9331,-8.3071,0.961806,-20.4129,58.6663,19.6018,6.31495,14.9708
-0.663956,16.3529,-8.69911,1.15192,1.39649,2.48559,13.0012,-0.419699,-7.22552,-4.81045,-1.66916,1.81828,-12.4244,-0.114432,6.50841,-10.4628,-5.13611,-3.0605,19.1516,-7.24821,3.40484,7.87174,-3.3618,0.903245,-2.55935e-15,9.54166e-15,-45.5042,-4.47525,-80.4307,22.2869,9.61857,-7.1806,19.3547,7.12502,18.6971,-9.7667,-2.55935e-15,9.54166e-15,-36.5745,9.41906,81.9997,24.676,-2.47076,-3.94598,20.183,7.12502,21.8058,48.9745,-20.6392,14.7835,20.2027,31.3929,-10.8807,-10.069,26.971,-9.82083,1.49295,-20.1675,60.7668,21.1772,8.66488,22.8974
-0.694537,16.3691,-8.58748,1.14414,1.75376,2.38378,13.0155,-0.415052,-7.16329,-4.74848,-1.65402,1.78779,-12.3651,-0.118802,6.43352,-10.6007,-5.25244,-3.01455,19.1627,-7.42551,3.45768,7.90695,-3.43516,0.890558,1.19271e-15,1.19271e-15,-45.3717,-4.38404,-80.5853,22.6282,9.25849,-7.00323,19.1351,7.12502,18.8677,-9.96985,1.19271e-15,1.19271e-15,-36.4394,9.21257,82.0456,24.7107,-2.35379,-4.14949,19.7878,7.12502,21.6104,48.6019,-19.8664,14.6193,20.5715,31.0451,-11.1725,-10.2729,25.3335,-11.4372,1.76391,-19.8021,62.73,21.4081,9.67871,26.8993
-0.725421,16.3802,-8.47627,1.10232,2.11335,2.42498,13.0807,-0.394729,-7.29953,-4.76055,-1.66332,1.73251,-12.4171,-0.111938,6.45474,-10.3308,-5.31516,-3.1125,18.9928,-7.53285,3.65673,7.81799,-3.48074,0.969315,-3.77691e-15,-9.54166e-15,-45.364,-4.34177,-80.6417,22.869,9.0445,-7.03095,19.086,7.12502,18.8411,-10.0215,-3.77691e-15,-9.54166e-15,-36.4869,8.96579,82.0702,24.7868,-2.10463,-4.29762,20.0327,7.12502,21.4681,48.8632,-19.0914,14.357,20.8027,30.754,-11.6026,-10.2397,24.8156,-12.9698,2.02971,-19.5934,64.5143,21.4802,9.26265,27.8195
-0.750216,16.3888,-8.36112,1.02742,1.99949,2.37869,12.9782,-0.234313,-7.34784,-4.66194,-1.44805,1.70118,-12.2778,-0.0183137,6.39147,-10.3921,-5.41652,-3.25674,19.0079,-7.69558,3.90012,7.85616,-3.54397,1.05314,-5.76476e-15,-1.19271e-15,-45.1123,-4.5038,-80.5182,23.0059,9.52272,-7.24767,19.1377,7.12502,18.6326,-9.9899,-5.76476e-15,-1.19271e-15,-36.3638,8.94418,82.0771,24.917,-1.89488,-4.3493,20.6411,7.12502,21.4185,49.4772,-18.3731,14.3031,21.1122,30.4655,-11.7928,-10.0588,25.0995,-14.2658,2.68847,-19.3745,66.0669,21.3001,8.13573,26.1065
-0.770388,16.3945,-8.25343,0.954128,1.78786,2.28629,12.9674,-0.050285,-7.305,-4.53086,-1.18912,1.68278,-12.1641,0.0900986,6.28383,-10.6443,-5.51351,-3.31026,19.109,-7.83881,3.9992,7.94726,-3.60029,1.07083,3.42904e-15,-1.98785e-15,-44.6396,-4.66689,-80.4046,23.1255,9.7413,-7.05015,18.8184,7.12502,18.8226,-10.2909,3.42904e-15,-1.98785e-15,-36.1112,8.98238,82.0869,24.913,-1.79392,-4.3078,20.55,7.12502,21.4584,49.3815,-17.7375,14.2653,21.4457,30.2353,-11.9297,-9.9111,24.7051,-15.5172,3.36688,-19.1506,67.4983,20.2262,6.70882,24.2697
-0.794624,16.4002,-8.15497,0.922228,1.80304,2.23463,13.1403,0.0662682,-7.32188,-4.52714,-1.05159,1.65591,-12.2879,0.161354,6.23791,-10.5426,-5.62116,-3.34876,19.0642,-7.98225,4.00797,7.92191,-3.67251,1.06792,1.66731e-14,-1.27222e-14,-44.4873,-4.51381,-80.4842,23.4555,9.33586,-6.79871,18.3184,7.12502,19.0644,-10.7673,1.66731e-14,-1.27222e-14,-36.0261,9.03809,81.9656,24.8109,-1.56878,-4.27396,20.0195,7.12502,21.4909,48.8473,-17.1417,14.2371,21.7229,29.9989,-12.305,-9.91514,24.5231,-16.8686,3.7602,-18.9772,68.8561,18.6124,5.26714,23.651
-0.823285,16.402,-8.06272,0.904373,2.03509,2.22419,13.4204,0.128678,-7.46338,-4.573,-1.01757,1.65324,-12.5166,0.201762,6.31865,-10.4422,-5.70541,-3.43348,18.9483,-8.10318,4.12385,7.87908,-3.72828,1.11059,-4.00054e-15,-3.18055e-15,-44.3252,-4.52882,-80.3733,23.5648,9.4169,-6.90477,18.7675,7.12502,18.9624,-10.3281,-4.00054e-15,-3.18055e-15,-35.9809,9.3977,81.6572,24.5396,-1.54947,-4.2834,19.1368,7.12502,21.4818,47.9656,-16.5461,14.1941,21.968,29.7323,-12.7451,-10.0051,24.9305,-18.2986,4.00304,-18.8337,70.1303,16.5561,4.37141,23.7926
-0.845062,16.3997,-7.96027,0.801323,2.22019,2.04348,13.5868,0.162305,-7.32354,-4.5605,-0.95767,1.66276,-12.6127,0.223837,6.2401,-10.3355,-5.73412,-3.48244,18.8567,-8.1571,4.24953,7.83947,-3.74868,1.1578,-9.36773e-15,-2.38542e-15,-44.1222,-4.5946,-80.2715,23.6798,9.56744,-6.86702,18.9288,7.12502,18.9987,-10.1633,-9.36773e-15,-2.38542e-15,-35.9158,10.0021,81.1903,24.2827,-1.58664,-4.09522,18.0088,7.12502,21.6625,46.817,-15.7656,14.033,22.414,29.4016,-13.0732,-9.93621,25.0637,-19.5941,4.27958,-18.5808,71.2463,14.1813,1.27491,15.2525
-0.858768,16.404,-7.84472,0.639574,2.08996,1.88291,13.5832,0.29092,-7.19352,-4.46585,-0.753528,1.68863,-12.5341,0.304197,6.14387,-10.3236,-5.78841,-3.57849,18.8799,-8.22799,4.30915,7.85491,-3.78315,1.18532,7.45443e-17,5.1684e-15,-43.754,-4.70422,-80.1131,23.6566,9.67966,-6.77256,18.8049,7.12502,19.0896,-10.2783,7.45443e-17,5.1684e-15,-35.772,11.2059,80.4456,24.0619,-1.55693,-2.84205,16.6931,7.12502,22.8656,45.3575,-14.8917,14.043,22.8398,29.0659,-13.3345,-9.81624,24.7946,-20.6123,4.80708,-18.3708,72.0359,12.0681,-0.580532,11.0277
-0.870279,16.4135,-7.72989,0.575732,1.92476,1.81714,13.5064,0.419614,-7.14275,-4.40619,-0.564211,1.67787,-12.4495,0.382902,6.05434,-10.1528,-5.90263,-3.62199,18.7424,-8.37586,4.31393,7.78733,-3.86109,1.18468,-4.08751e-15,9.54166e-15,-43.3511,-4.87357,-79.9732,23.4932,9.90873,-7.23561,19.254,7.12502,18.6442,-9.87254,-4.08751e-15,9.54166e-15,-35.7507,9.76323,81.4362,24.9058,-0.892136,-3.74799,20.1688,7.12502,21.9959,48.938,-14.147,14.0856,23.12,28.7446,-13.5963,-9.68881,25.044,-21.621,5.26731,-18.329,72.5642,10.089,-1.4642,9.48422
-0.882929,16.4126,-7.62095,0.570128,1.86758,1.82998,13.4254,0.547971,-7.07936,-4.43167,-0.388063,1.55874,-12.4581,0.455658,5.84086,-9.75241,-5.99976,-3.70234,18.5524,-8.53661,4.51409,7.67276,-3.93513,1.26005,4.8081e-15,-9.54166e-15,-43.2398,-5.09475,-79.926,23.6095,9.98573,-7.46048,19.3995,7.12502,18.4279,-9.74763,4.8081e-15,-9.54166e-15,-35.8472,8.65913,81.9804,25.9445,0.216675,-3.72307,23.7185,7.12502,22.0199,52.485,-13.5077,14.1965,23.3054,28.4848,-13.9017,-9.75918,25.0979,-22.7106,5.42248,-18.4521,72.9364,8.27228,-1.46841,11.2546
-0.895344,16.4078,-7.515,0.623299,1.81368,1.86938,13.32,0.67974,-7.0578,-4.46445,-0.214258,1.43291,-12.4595,0.530126,5.64441,-9.62939,-6.08292,-3.6666,18.6111,-8.67721,4.57812,7.67782,-3.99516,1.26377,1.36664e-16,7.95139e-16,-43.0466,-5.42614,-79.8282,23.7195,10.0461,-7.1994,19.2439,7.12502,18.679,-9.87925,1.36664e-16,7.95139e-16,-35.8769,9.15161,81.4332,25.0477,-1.18262,-4.20392,20.2812,7.12502,21.5581,49.1013,-13.0184,14.2483,23.4366,28.3591,-14.2962,-9.72373,24.8509,-23.8391,5.57377,-18.6171,73.1541,6.31439,-1.58075,10.6387
-0.908037,16.4012,-7.41476,0.59696,1.8595,1.74386,13.3522,0.748576,-6.93769,-4.41105,-0.0994354,1.4395,-12.4333,0.572371,5.55553,-9.78671,-6.1696,-3.67708,18.7496,-8.78703,4.52075,7.75449,-4.04784,1.22887,-6.27414e-15,1.09332e-14,-42.6382,-5.56466,-79.7471,23.7989,9.95987,-7.15749,19.0427,7.12502,18.7194,-10.0766,-6.27414e-15,1.09332e-14,-35.8255,9.41917,81.2584,24.9402,-1.47594,-4.5655,19.1671,7.12502,21.2108,48.0266,-12.5238,14.2991,23.7704,28.3182,-14.8017,-9.68576,24.9006,-24.8545,5.69918,-18.5578,73.2311,4.50491,-2.01695,7.7134
-0.917529,16.3892,-7.31708,0.573493,2.08438,1.67652,13.4256,0.741792,-6.86107,-4.33889,-0.0956898,1.45738,-12.3936,0.565279,5.53099,-9.89853,-6.25361,-3.68516,18.6829,-8.88266,4.46339,7.75449,-4.09775,1.19851,3.08116e-15,4.17448e-15,-42.3183,-5.18574,-79.9275,24.1114,9.25848,-7.45832,18.7284,7.12502,18.43,-10.4186,3.08116e-15,4.17448e-15,-35.6859,9.42191,81.3566,25.1552,-1.1479,-4.6563,18.9278,7.12502,21.1236,47.7971,-12.0242,14.2774,24.0404,28.2697,-15.2449,-9.80309,24.2002,-25.8948,5.49416,-18.633,73.1811,3.11127,-2.02717,7.09054
-0.926569,16.3867,-7.21124,0.603164,2.33393,1.72716,13.4263,0.740529,-6.91148,-4.3629,-0.108165,1.45104,-12.4206,0.564903,5.55609,-9.87133,-6.29428,-3.91588,18.7901,-8.92872,4.58072,7.80365,-4.12347,1.26838,-3.59055e-15,-1.19271e-15,-42.158,-4.90213,-79.9351,24.215,8.89205,-7.82806,18.9764,7.12502,18.0743,-10.2038,-3.59055e-15,-1.19271e-15,-35.6763,9.37539,81.4241,25.1824,-0.916039,-4.79284,18.3279,7.12502,20.9924,47.2118,-11.5111,14.0815,24.1615,28.2028,-15.6613,-9.8116,23.7152,-26.9498,5.15336,-18.8602,72.8774,2.07463,-1.63784,9.11884
-0.930656,16.3881,-7.10158,0.633872,2.34661,1.72508,13.4272,0.804086,-6.80336,-4.40793,-0.0121356,1.38067,-12.4857,0.601882,5.39301,-9.68796,-6.31631,-4.1765,18.9683,-8.98054,4.83059,7.8566,-4.14404,1.39014,-5.67779e-15,1.88845e-14,-41.8842,-5.17814,-79.7914,24.1687,9.0444,-8.20122,19.4918,7.12502,17.7152,-9.7212,-5.67779e-15,1.88845e-14,-35.7305,9.35195,81.3361,25.1234,-0.868883,-5.11134,17.8112,7.12502,20.6864,46.7288,-11.0064,13.8317,24.2874,28.114,-15.8698,-9.60354,23.495,-27.9549,4.99003,-19.0407,72.3565,1.01095,-1.2532,10.2238
-0.937019,16.3802,-7.00293,0.717794,2.19666,1.6625,13.4339,0.898997,-6.70142,-4.41039,0.12864,1.33464,-12.5114,0.658729,5.24945,-9.32465,-6.39287,-4.22197,18.7723,-9.09402,4.90933,7.73826,-4.20435,1.42492,-6.38596e-15,1.80894e-14,-41.3488,-5.40815,-79.6991,24.1515,9.22493,-8.14846,19.7648,7.12502,17.766,-9.4436,-6.38596e-15,1.80894e-14,-35.6822,9.20999,81.347,25.3445,-0.806972,-4.96147,18.5714,7.12502,20.8304,47.4732,-10.6193,13.8312,24.4649,27.9457,-15.9982,-9.46091,23.5631,-28.952,4.97331,-19.1453,71.7134,-0.239706,-1.18768,9.00867
-0.946314,16.3748,-6.90643,0.725819,2.30535,1.54028,13.528,0.906284,-6.5689,-4.37929,0.158006,1.34155,-12.534,0.662432,5.17515,-9.04112,-6.47088,-4.21039,18.5006,-9.18677,4.86441,7.59998,-4.26166,1.41112,7.45443e-17,2.32578e-14,-40.8759,-5.55855,-79.5826,24.1908,9.44237,-7.92073,19.7314,7.12502,17.9851,-9.45704,7.45443e-17,2.32578e-14,-35.6409,9.42778,81.1964,25.2504,-0.981297,-5.06635,18.3125,7.12502,20.7297,47.2253,-10.1252,13.7989,24.7688,27.7899,-16.2962,-9.55436,23.4017,-29.7904,4.80077,-19.145,70.9294,-1.37961,-1.30575,8.59517
-0.955398,16.3751,-6.80425,0.792888,2.52572,1.41986,13.5165,0.887069,-6.44281,-4.37296,0.157096,1.34589,-12.517,0.651378,5.10792,-8.95419,-6.52313,-4.29813,18.4206,-9.26737,4.99137,7.57279,-4.2976,1.46161,-5.66536e-15,-6.95746e-15,-40.6178,-5.32177,-79.7091,24.5354,9.12527,-7.81783,19.3763,7.12502,18.0841,-9.80298,-5.66536e-15,-6.95746e-15,-35.6462,9.37223,81.1493,25.1904,-1.00633,-5.08974,17.8162,7.12502,20.7072,46.7315,-9.65766,13.8422,25.0783,27.6636,-16.6784,-9.90406,22.6175,-30.6618,4.41807,-19.1433,69.998,-2.18114,-1.21724,10.7697
-0.956172,16.3658,-6.70183,0.918333,2.49387,1.41249,13.4338,0.956228,-6.38533,-4.38614,0.262648,1.31484,-12.4958,0.694387,5.01409,-9.13635,-6.58394,-4.29305,18.3778,-9.35523,5.04936,7.59845,-4.33065,1.46459,-1.5704e-14,1.98785e-16,-40.4006,-4.97155,-79.8881,24.9375,8.57233,-7.74971,18.863,7.12502,18.1497,-10.3102,-1.5704e-14,1.98785e-16,-35.6691,9.03698,81.3622,25.5194,-0.685884,-5.03092,18.6133,7.12502,20.7637,47.5224,-9.27061,13.9217,25.1945,27.5082,-16.9599,-10.0538,21.83,-31.5117,4.12485,-19.3041,68.9288,-3.05476,-1.1286,10.1544
-0.956786,16.3591,-6.59733,1.00468,2.45223,1.43328,13.3956,1.01752,-6.41984,-4.39286,0.342865,1.32813,-12.4929,0.735678,5.02904,-10.0823,-6.58562,-4.06038,18.7081,-9.32834,4.75263,7.84907,-4.30358,1.29813,-3.8266e-15,1.23246e-14,-40.1024,-4.71262,-79.9095,25.0298,8.26211,-7.82239,18.8311,7.12502,18.0797,-10.3486,-3.8266e-15,1.23246e-14,-35.6586,9.01922,81.4437,25.5577,-0.385491,-5.08588,18.7457,7.12502,20.7109,47.6606,-8.80092,13.9161,25.2744,27.2876,-17.1588,-10.0688,21.5484,-32.2182,3.77634,-19.4474,67.6576,-4.06598,-1.1277,9.26465
-0.959694,16.3572,-6.49415,1.00286,2.76376,1.38686,13.5107,0.952233,-6.33349,-4.38494,0.264766,1.34092,-12.5405,0.694332,5.01391,-9.4128,-6.67649,-4.31245,18.5081,-9.44059,4.86131,7.68664,-4.38126,1.38688,-2.17421e-15,4.37326e-15,-39.7632,-4.20407,-80.095,25.021,7.69499,-8.15075,18.9649,7.12502,17.7638,-10.2437,-2.17421e-15,4.37326e-15,-35.69,9.30625,81.2658,25.3924,-0.530883,-4.99609,18.0374,7.12502,20.7972,46.9429,-8.16455,13.7035,25.4904,27.0654,-17.5377,-10.2396,20.7044,-32.8208,3.10828,-19.5049,66.2262,-4.91193,-1.03805,9.21224
-0.963041,16.3555,-6.39042,1.04348,3.18422,1.29378,13.5825,0.8727,-6.11743,-4.4349,0.187436,1.30278,-12.6259,0.643183,4.86783,-9.52751,-6.71065,-4.40223,18.7008,-9.50134,4.9648,7.78365,-4.40134,1.42213,-3.10601e-15,-1.5704e-14,-39.6548,-4.06659,-80.1643,25.3184,7.50407,-8.30199,19.1767,7.12502,17.6182,-10.0451,-3.10601e-15,-1.5704e-14,-35.8149,9.20736,81.1857,25.3456,-0.519753,-4.90437,17.7784,7.12502,20.8853,46.6741,-7.5366,13.5413,25.7635,26.7641,-17.917,-10.4462,20.487,-33.4017,2.3095,-19.4793,64.6702,-5.55019,-0.952501,10.3287
-0.965106,16.3526,-6.28723,1.08659,3.35204,1.25185,13.6247,0.867624,-6.02826,-4.46294,0.19188,1.28568,-12.6825,0.639996,4.79744,-9.48137,-6.74259,-4.3498,18.4777,-9.54786,4.99334,7.703,-4.42176,1.42209,3.39176e-15,-6.16232e-15,-39.5243,-4.06216,-80.1313,25.7068,7.18904,-8.01173,19.9609,7.12502,17.8976,-9.23555,3.39176e-15,-6.16232e-15,-35.8584,9.19751,81.1665,25.2757,-0.550839,-4.77621,18.0843,7.12502,21.0084,46.9664,-6.90567,13.5527,25.9692,26.3534,-18.0396,-10.7405,20.1367,-33.8417,1.68975,-19.4817,62.9298,-6.07332,-0.762302,9.06363
-0.964822,16.3511,-6.1847,1.18149,3.31812,1.25066,13.71,0.908193,-6.01877,-4.48453,0.240763,1.27276,-12.7656,0.665065,4.76672,-9.45298,-6.74182,-4.25301,18.286,-9.53591,4.91411,7.62528,-4.42023,1.38551,-1.15544e-15,9.34288e-15,-39.3019,-3.77907,-80.2707,26.0622,6.46336,-7.96115,21.4997,7.12502,17.9462,-7.69229,-1.15544e-15,9.34288e-15,-35.8118,9.36142,81.0868,25.2458,-0.595295,-4.60486,18.7513,7.12502,21.173,47.6151,-6.28159,13.4174,26.0637,25.8088,-17.966,-10.8167,19.4258,-34.2371,1.17584,-19.4965,61.0423,-6.44435,-0.513496,8.30485
-0.965417,16.3558,-6.07944,1.35337,3.30073,1.14491,13.6899,0.945041,-5.89428,-4.50881,0.316387,1.28678,-12.7892,0.692694,4.69278,-9.64694,-6.77284,-4.32515,18.3674,-9.56777,4.92931,7.69277,-4.43331,1.39071,2.70844e-15,7.35503e-15,-39.0505,-3.28776,-80.5158,26.4968,5.8226,-7.9524,21.8056,7.12502,17.9546,-7.38565,2.70844e-15,7.35503e-15,-35.7314,9.44379,81.0322,25.1116,-0.603677,-4.81715,18.5556,7.12502,20.9691,47.4421,-5.64944,13.3607,26.2672,25.1509,-17.9816,-10.8895,18.8052,-34.5688,0.734053,-19.3661,58.9881,-6.82122,-0.3687,7.84104
-0.965302,16.3653,-5.97311,1.41134,3.38745,0.966965,13.7931,0.931215,-5.72149,-4.56729,0.331703,1.35933,-12.919,0.695761,4.6731,-9.80355,-6.79937,-4.42047,18.5838,-9.57637,4.83376,7.79256,-4.44573,1.36596,5.70885e-15,-1.98785e-15,-38.918,-2.84568,-80.6367,26.92,5.37906,-8.18429,21.1818,7.12502,17.7315,-8.0298,5.70885e-15,-1.98785e-15,-35.8973,9.63972,80.9193,24.9026,-0.769389,-5.16981,17.6011,7.12502,20.6302,46.5247,-4.81503,13.4211,26.6023,24.3689,-18.0517,-11.1591,18.4053,-34.7312,0.154984,-19.1157,56.8027,-7.17598,-0.0511603,6.20688
-0.962834,16.3695,-5.8671,1.46353,3.56576,0.830363,13.875,0.8633,-5.58287,-4.56485,0.27193,1.44239,-12.9561,0.662181,4.70267,-10.0916,-6.78486,-4.48297,18.8251,-9.52833,4.73156,7.91964,-4.42673,1.335,-2.17296e-14,-1.59028e-14,-38.5893,-2.48872,-80.6674,27.2251,5.21523,-8.40406,20.9183,7.12502,17.52,-8.31228,-2.17296e-14,-1.59028e-14,-36.0106,9.71324,80.9821,24.8961,-0.65205,-5.33044,17.3996,7.12502,20.4759,46.3399,-3.92383,13.409,26.8928,23.5042,-18.0182,-11.5395,17.6872,-34.8601,-0.70606,-18.8742,54.4922,-7.25987,0.351144,5.67036
-0.956002,16.3737,-5.75463,1.60554,3.71915,0.776252,13.6501,0.809582,-5.45808,-4.49331,0.238243,1.44806,-12.7297,0.626967,4.64267,-10.079,-6.82927,-4.45004,18.621,-9.58878,4.75755,7.85249,-4.45397,1.33436,-3.91357e-15,2.18663e-15,-38.2259,-2.17437,-80.7901,27.6906,5.07818,-8.07821,20.5684,7.12502,17.8336,-8.63391,-3.91357e-15,2.18663e-15,-35.8721,9.6326,81.0888,24.7428,-0.506655,-5.63735,17.3875,7.12502,20.1809,46.3592,-3.06185,13.3295,27.0392,22.5662,-18.0363,-11.7018,17.1884,-34.9188,-1.60769,-18.6908,52.0891,-7.18289,0.473497,6.57886
-0.946782,16.3813,-5.6372,1.70567,3.83532,0.919262,13.4491,0.807324,-5.52685,-4.44934,0.230561,1.41317,-12.557,0.620049,4.64208,-9.7625,-6.91246,-4.51902,18.3147,-9.68913,4.78301,7.70463,-4.51516,1.35755,-8.85834e-15,-2.38542e-14,-38.0983,-1.89479,-80.8264,28.3094,4.90321,-7.32928,19.258,7.12502,18.5541,-9.87718,-8.85834e-15,-2.38542e-14,-35.839,9.52929,81.2238,24.6749,-0.525521,-5.53946,17.3377,7.12502,20.275,46.2995,-2.12637,13.2055,26.9687,21.6302,-18.0304,-11.8528,16.4815,-34.7821,-2.61602,-18.6894,49.6512,-7.22022,0.875831,6.9786
-0.941599,16.387,-5.5303,1.71717,4.00535,0.803389,13.5784,0.800599,-5.34664,-4.47925,0.247303,1.41383,-12.6685,0.617996,4.53759,-9.32434,-6.93392,-4.57315,18.1124,-9.72858,4.86407,7.56898,-4.54235,1.40639,-9.9206e-15,1.27222e-14,-38.0321,-1.90459,-80.7799,28.6914,5.07128,-7.16464,17.9262,7.12502,18.7125,-11.1937,-9.9206e-15,1.27222e-14,-35.975,9.45656,81.214,24.7091,-0.748327,-5.29979,17.3449,7.12502,20.5053,46.282,-1.13457,13.3029,27.2509,20.6635,-18.0431,-12.1994,16.3707,-34.7657,-3.66745,-18.3451,47.2873,-7.07134,1.55011,6.73823
-0.936803,16.391,-5.42586,1.87053,4.09909,0.609573,13.5795,0.781818,-5.15672,-4.54943,0.262749,1.4671,-12.7492,0.617069,4.48571,-9.29412,-6.89914,-4.46506,18.0571,-9.68204,4.79393,7.53387,-4.52055,1.3734,-1.40889e-14,-1.19271e-15,-37.8798,-1.67365,-80.8221,28.9557,4.98368,-7.59086,17.8137,7.12502,18.3025,-11.3453,-1.40889e-14,-1.19271e-15,-36.0736,9.57514,81.1243,24.4204,-1.06007,-5.55697,16.8689,7.12502,20.2582,45.8324,-0.269268,13.5008,27.5769,19.5803,-18.0147,-12.6022,16.0133,-34.9059,-4.7347,-17.8492,44.9604,-7.00864,2.25779,6.70492
-0.929411,16.3978,-5.31539,2.04191,4.11079,0.51557,13.3896,0.761578,-5.1044,-4.54539,0.262703,1.529,-12.6292,0.612157,4.52281,-9.79106,-6.84149,-4.32973,18.2099,-9.59111,4.66254,7.65435,-4.46728,1.29951,-8.08184e-15,-1.98785e-16,-37.5145,-1.194,-80.9581,29.1327,4.62946,-7.73476,17.9982,7.12502,18.164,-11.1736,-8.08184e-15,-1.98785e-16,-36.0804,9.9974,80.967,24.0663,-1.42961,-5.7188,16.4534,7.12502,20.1027,45.4334,0.692514,13.5885,27.7582,18.2603,-17.6996,-12.9436,14.884,-34.9501,-5.8143,-17.4122,42.6638,-7.13075,3.00685,5.77036
-0.923666,16.4056,-5.2044,2.09593,4.16543,0.405236,13.3533,0.760646,-4.99504,-4.52363,0.287638,1.56038,-12.5833,0.614814,4.48868,-9.96585,-6.8374,-4.36894,18.3252,-9.58312,4.68262,7.7262,-4.45879,1.30543,6.89534e-15,-2.04748e-14,-37.1209,-1.02727,-80.979,29.1725,4.66738,-7.65092,17.9004,7.12502,18.2447,-11.264,6.89534e-15,-2.04748e-14,-36.0679,9.93072,81.0273,24.0143,-1.41194,-5.44282,16.8631,7.12502,20.3679,45.815,1.85109,13.6019,27.9843,16.8184,-17.4127,-13.1568,14.3,-34.8952,-6.91679,-16.8847,40.3966,-7.289,3.63974,5.6609
-0.917039,16.4173,-5.09235,2.20424,4.26288,0.238061,13.2473,0.749181,-4.83445,-4.549,0.312098,1.60583,-12.5488,0.615361,4.44095,-9.47425,-6.87097,-4.50037,17.9974,-9.6327,4.82681,7.54736,-4.49324,1.389,1.54555e-14,3.77691e-15,-36.8813,-1.03027,-80.9507,29.2464,4.73269,-7.74042,18.0203,7.12502,18.1586,-11.1521,1.54555e-14,3.77691e-15,-36.204,9.49131,81.2559,24.1708,-1.0811,-5.21502,17.6183,7.12502,20.5868,46.5467,3.04734,13.6069,28.2631,15.2552,-17.1292,-13.362,14.0435,-34.9337,-8.12342,-16.2321,38.1946,-7.43443,4.47914,6.14544
-0.903001,16.4214,-4.97731,2.35376,4.14318,0.166877,13.013,0.772836,-4.76392,-4.59456,0.369745,1.6246,-12.4651,0.636309,4.40604,-9.20332,-6.8922,-4.45396,17.7197,-9.66839,4.85533,7.40924,-4.5146,1.40019,5.58461e-15,-5.76476e-15,-36.8885,-0.736607,-81.0259,29.5568,4.59381,-8.20564,18.1662,7.12502,17.711,-11.0472,5.58461e-15,-5.76476e-15,-36.3949,9.33663,81.349,24.296,-0.942449,-5.03277,18.4361,7.12502,20.7619,47.3454,4.35722,13.2496,28.3052,13.4615,-16.471,-13.1694,12.9587,-34.9418,-9.44797,-15.5953,36.132,-7.84399,5.70503,6.27401
-0.889464,16.4216,-4.86355,2.47266,3.97945,0.055314,12.8491,0.779911,-4.73368,-4.63152,0.403193,1.72015,-12.4132,0.653969,4.48609,-9.31737,-6.82399,-4.40031,17.7564,-9.55981,4.74437,7.42757,-4.46609,1.36279,9.69075e-16,-1.98785e-16,-36.8594,-0.140063,-81.1292,29.9343,4.24457,-8.34788,18.3813,7.12502,17.5741,-10.8444,9.69075e-16,-1.98785e-16,-36.6363,9.57819,81.2721,24.218,-1.0152,-4.97133,18.4056,7.12502,20.821,47.3084,5.78621,13.0637,28.4192,11.4798,-15.796,-13.0366,12.2505,-34.9679,-10.8211,-14.8542,34.2575,-8.34412,7.11606,5.41087
-0.879338,16.4265,-4.74668,2.59459,3.92909,-0.0410312,12.6474,0.780417,-4.74138,-4.59209,0.422009,1.80415,-12.2495,0.661968,4.57701,-9.47803,-6.74806,-4.38908,17.7504,-9.44793,4.73113,7.44735,-4.40979,1.36276,1.68967e-15,-8.94531e-15,-36.5667,0.103452,-81.1208,30.0875,4.12985,-8.1371,18.4031,7.12502,17.7769,-10.8043,1.68967e-15,-8.94531e-15,-36.599,9.98592,81.15,23.7411,-1.29031,-5.24635,17.6434,7.12502,20.5567,46.575,7.29609,12.8422,28.5696,9.37851,-15.0435,-13.0109,11.1479,-35.0568,-12.1504,-14.1207,32.5805,-8.79914,8.40287,4.4967
-0.862683,16.427,-4.62946,2.66624,3.94125,-0.134492,12.5663,0.764665,-4.62262,-4.57461,0.430178,1.84442,-12.1795,0.656049,4.55096,-9.61946,-6.75176,-4.25172,17.7869,-9.43543,4.53695,7.46711,-4.40852,1.27448,2.50344e-15,2.38542e-15,-36.3414,0.302813,-81.1317,30.2203,4.11655,-8.04115,18.3917,7.12502,17.8692,-10.8074,2.50344e-15,2.38542e-15,-36.5467,10.3264,81.0712,23.4362,-1.72568,-5.28787,17.795,7.12502,20.5168,46.7309,9.10778,12.5527,28.6674,6.82929,-14.2125,-12.9686,10.5925,-35.2146,-13.7577,-13.3194,31.1419,-9.60608,9.83666,5.22527
-0.846016,16.4235,-4.51504,2.64562,3.89149,-0.3067,12.6553,0.751889,-4.42793,-4.56971,0.448818,1.89093,-12.2266,0.653286,4.48792,-9.69593,-6.78282,-4.14967,17.924,-9.46467,4.35153,7.51248,-4.42873,1.19123,2.54072e-14,2.22639e-14,-36.0963,0.526863,-81.2095,30.2338,4.01083,-8.02127,18.325,7.12502,17.8884,-10.8723,2.54072e-14,2.22639e-14,-36.7221,10.3477,81.044,23.5251,-1.92381,-5.12304,18.2578,7.12502,20.6752,47.1766,11.5505,12.3154,28.8525,3.26112,-12.9218,-12.9621,10.4794,-35.4113,-15.7895,-12.2466,29.8973,-10.7158,11.6465,6.60891
-0.83092,16.4155,-4.4016,2.65083,3.77537,-0.48953,12.6931,0.757923,-4.28264,-4.55113,0.491135,1.97671,-12.2315,0.666075,4.49053,-9.76447,-6.7359,-4.25134,18.0295,-9.39161,4.38133,7.56245,-4.39502,1.22078,3.57191e-15,4.77083e-15,-35.7151,0.743479,-81.254,30.102,4.0299,-8.04905,18.1308,7.12502,17.8616,-11.0689,3.57191e-15,4.77083e-15,-36.8734,10.4055,81.0355,23.479,-2.06063,-5.08737,18.2875,7.12502,20.7095,47.2026,13.8059,12.1486,29.0303,2.06736e-14,-11.7583,-12.8944,9.98633,-35.6553,-17.6102,-11.1628,28.7945,-11.681,13.3499,8.4399
-0.813538,16.4026,-4.28449,2.70277,3.6299,-0.522932,12.6108,0.776934,-4.28864,-4.57004,0.521262,1.99771,-12.2075,0.681597,4.5098,-9.82696,-6.67465,-4.13862,17.9905,-9.30979,4.31756,7.54816,-4.35367,1.18929,-5.64051e-15,-1.55052e-14,-35.3978,0.855211,-81.3033,29.9219,4.06407,-7.89648,18.0967,7.12502,18.0084,-11.0895,-5.64051e-15,-1.55052e-14,-37.041,10.5639,80.907,23.2932,-2.18794,-5.15764,18.4391,7.12502,20.6419,47.3615,14.2276,12.0122,29.0539,-7.95139e-15,-11.9159,-12.6891,7.44772,-35.916,-18.9991,-10.3988,27.8472,-12.5755,14.8038,10.367
-0.794159,16.4032,-4.1664,2.695,3.4751,-0.573825,12.5108,0.804004,-4.27585,-4.58778,0.566826,2.02369,-12.1728,0.702889,4.52018,-9.80092,-6.65091,-4.0283,18.0078,-9.27865,4.21878,7.53737,-4.3407,1.14398,3.10601e-15,-5.1684e-15,-35.2406,0.873288,-81.3026,29.8062,4.09631,-7.71991,18.0214,7.12502,18.1783,-11.1492,3.10601e-15,-5.1684e-15,-37.2273,10.6462,80.8138,23.0835,-2.17683,-5.17203,18.6081,7.12502,20.6281,47.532,14.6851,11.8793,29.0905,1.90833e-14,-11.9939,-12.4819,5.66572,-36.0507,-20.3906,-9.68549,27.0235,-13.2842,16.3767,10.7098
-0.774969,16.3993,-4.04841,2.68182,3.27263,-0.652027,12.4522,0.835835,-4.2899,-4.59093,0.617549,2.09346,-12.1488,0.731005,4.59362,-9.65245,-6.55769,-4.06809,18.0315,-9.15091,4.22877,7.51541,-4.28399,1.17168,2.39784e-15,5.96354e-15,-35.1663,1.02597,-81.2918,29.8131,4.13184,-7.69835,18.044,7.12502,18.1991,-11.1247,2.39784e-15,5.96354e-15,-37.4234,10.8073,80.775,22.9718,-2.22522,-5.18182,18.8434,7.12502,20.6187,47.7683,15.1224,11.7946,29.1506,2.22639e-14,-12.1228,-12.2364,5.37355,-36.2248,-21.9362,-8.81827,26.2773,-14.376,17.9312,11.9679
-0.755864,16.3858,-3.92882,2.64378,3.1058,-0.74495,12.6029,0.845667,-4.25773,-4.63818,0.634551,2.12929,-12.2962,0.743679,4.61319,-9.55304,-6.475,-4.04972,18.0682,-9.04716,4.23853,7.50461,-4.2339,1.18562,1.50952e-15,1.59028e-14,-35.1844,1.2302,-81.3759,29.8532,4.20212,-7.88824,18.4994,7.12502,18.0164,-10.6862,1.50952e-15,1.59028e-14,-37.6949,10.982,80.6066,22.8665,-2.4014,-5.01615,18.6312,7.12502,20.7779,47.5387,15.6243,11.6742,29.215,-1.27222e-14,-12.505,-11.8879,5.22617,-36.4358,-23.092,-8.08912,25.6469,-15.3801,18.9837,12.9707
-0.736107,16.3723,-3.80927,2.6447,2.87933,-0.70314,12.6815,0.902827,-4.30948,-4.67078,0.694983,2.09197,-12.389,0.777779,4.58836,-9.61772,-6.44556,-3.93795,18.102,-9.01011,4.15975,7.51637,-4.21425,1.14369,-3.72721e-15,5.56597e-15,-35.1928,1.46705,-81.5324,29.8646,4.11795,-8.13396,18.4361,7.12502,17.7799,-10.7711,-3.72721e-15,5.56597e-15,-37.9055,10.9133,80.5457,22.6499,-2.43161,-5.17619,18.0195,7.12502,20.6241,46.9438,16.105,11.6144,29.1225,-9.54166e-15,-12.7896,-11.5679,5.30233,-36.5954,-23.936,-7.67312,25.1519,-16.1185,19.8907,13.6214
-0.710858,16.3599,-3.68699,2.70836,2.64806,-0.76619,12.5383,0.937984,-4.27295,-4.65262,0.759668,2.13663,-12.2892,0.804561,4.6008,-9.89308,-6.40347,-3.84883,18.2905,-8.93774,4.00192,7.6123,-4.18026,1.07448,3.29237e-15,1.86858e-14,-34.9751,1.62038,-81.5829,29.719,4.01649,-8.08068,18.3773,7.12502,17.8312,-10.8252,3.29237e-15,1.86858e-14,-38.0409,11.0853,80.4721,22.4056,-2.72007,-5.08099,17.9218,7.12502,20.7156,46.8362,16.5145,11.5781,29.1052,1.27222e-14,-12.9748,-11.258,5.35906,-36.6971,-24.7857,-7.20313,24.7152,-16.7804,20.8713,13.6876
-0.684591,16.3446,-3.55877,2.72166,2.47171,-0.721563,12.3893,0.94107,-4.33808,-4.61108,0.758902,2.14169,-12.1531,0.804785,4.64223,-9.94587,-6.4207,-3.80815,18.3781,-8.95538,3.91862,7.64533,-4.19141,1.03636,-1.36167e-14,-9.54166e-15,-34.5601,1.54324,-81.6095,29.2167,4.28603,-8.17145,18.5364,7.12502,17.7439,-10.6741,-1.36167e-14,-9.54166e-15,-38.2084,11.2664,80.3634,22.3241,-3.04677,-4.73163,18.2371,7.12502,21.0512,47.1145,17.0125,11.4769,28.9773,2.54444e-14,-13.0774,-10.9034,4.67227,-36.6577,-25.3398,-7.10683,24.3534,-16.8708,21.6587,12.1447
-0.658268,16.3243,-3.42915,2.60224,2.33775,-0.679691,12.3731,0.951215,-4.38836,-4.5286,0.764085,2.13539,-12.0507,0.806027,4.66159,-9.88235,-6.43521,-3.82566,18.3355,-8.97319,3.92363,7.62181,-4.20244,1.04159,-4.96962e-17,-2.06736e-14,-34.2485,1.7294,-81.7435,28.845,4.32122,-8.35103,18.4798,7.12502,17.5711,-10.7461,-4.96962e-17,-2.06736e-14,-38.2609,11.6028,80.1657,22.0392,-3.48274,-4.69748,18.3082,7.12502,21.084,47.182,17.6559,11.315,28.8744,-2.54444e-14,-13.1194,-10.4402,4.98875,-36.4768,-25.5499,-7.25828,24.1597,-17.0437,21.8288,12.1644
-0.632344,16.3045,-3.30012,2.54402,2.11437,-0.797047,12.383,0.978508,-4.28492,-4.49145,0.820061,2.14897,-12.0184,0.823467,4.60433,-10.0248,-6.41224,-3.7603,18.4384,-8.95319,3.91743,7.67681,-4.18514,1.02513,1.95057e-15,9.54166e-15,-34.0221,1.73923,-81.8754,28.4727,4.50064,-8.61889,18.6611,7.12502,17.3133,-10.5878,1.95057e-15,9.54166e-15,-38.2329,11.9547,79.8741,21.4716,-4.03546,-4.71311,18.2249,7.12502,21.069,47.1003,18.2117,11.257,28.9284,1.27222e-14,-13.1463,-10.0219,5.58145,-36.2986,-25.5426,-7.29542,24.0991,-17.4038,21.7621,12.7354
-0.605526,16.2865,-3.17086,2.48017,1.86863,-0.928974,12.4221,1.01558,-4.18257,-4.47405,0.890487,2.18567,-12.0285,0.850693,4.57046,-10.0376,-6.41627,-3.6943,18.3416,-8.95058,3.84383,7.64042,-4.18744,0.991918,5.7337e-15,1.23246e-14,-33.891,1.75126,-81.9426,28.1997,4.61536,-8.67419,18.8331,7.12502,17.26,-10.4204,5.7337e-15,1.23246e-14,-38.279,12.1121,79.7363,21.0041,-4.29373,-4.95529,18.288,7.12502,20.8364,47.1892,18.7853,11.221,28.9976,1.59028e-14,-13.2971,-9.72436,4.75295,-36.0283,-25.3113,-7.50004,24.1709,-17.6058,21.4094,13.1025
-0.575529,16.2704,-3.03667,2.39334,1.63813,-0.984932,12.3342,1.06127,-4.14155,-4.44927,0.965458,2.21255,-11.9556,0.881919,4.55903,-10.1648,-6.3886,-3.64696,18.4039,-8.90679,3.77476,7.67625,-4.16665,0.961531,-3.97569e-16,0,-33.7615,1.64753,-81.9116,27.7714,4.95564,-8.57011,18.8573,7.12502,17.3602,-10.3874,-3.97569e-16,0,-38.5073,12.3119,79.6241,20.8754,-4.64259,-4.82125,18.7278,7.12502,20.9652,47.6148,19.4209,11.1643,28.9902,-4.13472e-14,-13.313,-9.51867,2.52398,-35.6434,-24.6503,-8.08754,24.3511,-17.1017,20.7713,12.6673
-0.538887,16.2495,-2.89589,2.29838,1.34588,-0.992201,12.1812,1.11068,-4.0682,-4.42295,1.04676,2.1828,-11.8397,0.90973,4.46493,-10.283,-6.342,-3.62378,18.535,-8.86176,3.83023,7.74034,-4.13474,0.974862,-5.64051e-15,-1.94809e-14,-33.7521,1.47183,-81.9388,27.5306,5.26042,-8.44715,18.8306,7.12502,17.4785,-10.4036,-5.64051e-15,-1.94809e-14,-38.7201,12.2018,79.5974,20.6827,-4.63533,-4.82949,19.05,7.12502,20.9572,47.9378,20.0774,11.1736,28.9004,3.18055e-14,-13.2581,-9.22113,1.21464,-35.1871,-23.8031,-8.8107,24.5848,-16.6184,19.5396,14.6092
-0.507832,16.2267,-2.75696,2.2379,1.13072,-1.05213,12.1566,1.13535,-4.01474,-4.42946,1.0905,2.18786,-11.8358,0.926712,4.43017,-10.3342,-6.33971,-3.51229,18.5969,-8.86261,3.73865,7.76031,-4.13438,0.924838,-3.35449e-15,9.93923e-15,-33.8514,1.53576,-82.0624,27.4525,5.31009,-8.42047,18.5408,7.12502,17.5042,-10.6911,-3.35449e-15,9.93923e-15,-38.8869,12.3665,79.4175,20.2868,-4.90244,-4.94645,18.9051,7.12502,20.8449,47.8053,20.6594,11.1132,28.8662,-1.59028e-14,-13.1313,-8.86038,1.18694,-34.8299,-23.0051,-9.42084,24.946,-16.2698,17.8334,18.3394
-0.478072,16.2016,-2.61986,2.14768,1.11836,-1.13862,12.2189,1.12493,-3.93895,-4.46389,1.09096,2.22137,-11.9113,0.925475,4.42435,-10.2622,-6.39111,-3.46653,18.6443,-8.92516,3.63135,7.75817,-4.17169,0.877993,1.43995e-14,-4.37326e-15,-34.2669,1.80995,-82.1523,27.4418,5.31462,-8.83332,18.865,7.12502,17.1069,-10.4019,1.43995e-14,-4.37326e-15,-39.0605,12.5542,79.26,19.8981,-5.35148,-4.90436,18.7552,7.12502,20.8853,47.651,21.278,10.8446,28.8877,-7.63333e-14,-12.8008,-8.66817,0.042539,-34.4681,-22.1582,-10.0919,25.3133,-14.8988,16.2845,18.7422
-0.443252,16.1589,-2.47702,2.06915,1.09857,-1.15855,12.0634,1.10579,-3.92896,-4.46087,1.0753,2.25059,-11.8129,0.916195,4.45411,-10.0339,-6.3674,-3.53696,18.6037,-8.90419,3.72991,7.71121,-4.16217,0.931611,-1.11444e-14,2.38542e-15,-34.644,1.94618,-82.1917,27.2966,5.69265,-9.40198,19.5078,7.12502,16.5595,-9.80567,-1.11444e-14,2.38542e-15,-39.1955,12.8369,79.0805,19.3971,-5.99957,-4.76923,18.4601,7.12502,21.0151,47.3415,21.9631,10.5907,28.8101,-9.54166e-15,-12.6709,-8.41513,-0.771516,-34.2047,-21.4537,-10.7542,25.7691,-13.4639,14.6325,20.1589
-0.40462,16.1419,-2.32984,1.985,0.976652,-1.16631,11.835,1.10254,-3.93285,-4.41567,1.08151,2.28423,-11.6258,0.915387,4.4911,-9.98121,-6.32477,-3.53039,18.653,-8.84687,3.71108,7.71454,-4.1365,0.931629,-6.83322e-15,-1.11319e-14,-34.7147,2.04191,-82.2681,27.0426,5.75115,-9.45166,19.6173,7.12502,16.5116,-9.70009,-6.83322e-15,-1.11319e-14,-39.2943,13.0522,78.9782,18.9483,-6.42671,-4.75487,18.4184,7.12502,21.0289,47.2982,22.637,10.4442,28.693,1.27222e-14,-12.4414,-8.15071,-1.55352,-33.8912,-21.2963,-11.1517,26.0976,-12.8625,13.0873,27.6003
-0.368407,16.1304,-2.18271,1.8315,0.751386,-1.18305,11.8423,1.1664,-3.92214,-4.38923,1.16764,2.27098,-11.6092,0.953931,4.45114,-10.1109,-6.33658,-3.34344,18.789,-8.86111,3.51689,7.76503,-4.14425,0.831327,1.3828e-14,-2.38542e-15,-34.7968,1.9458,-82.3119,26.8855,5.78731,-9.36649,19.7259,7.12502,16.5936,-9.58469,1.3828e-14,-2.38542e-15,-39.4056,13.0836,78.8707,18.5884,-6.82491,-4.74361,18.4445,7.12502,21.0397,47.3231,23.3079,10.3943,28.5841,-1.90833e-14,-12.0289,-7.81408,-1.64155,-33.5757,-21.2931,-11.3893,26.432,-10.8284,13.2954,24.2696
-0.325747,16.1417,-2.02959,1.67957,0.485143,-1.10784,11.8798,1.20672,-3.94137,-4.3861,1.21633,2.26026,-11.6341,0.978545,4.43955,-10.2752,-6.29827,-3.28778,19.0632,-8.79747,3.36614,7.87301,-4.11766,0.770962,-1.28092e-14,1.74931e-14,-34.9898,2.02708,-82.3359,26.6675,5.90835,-9.54691,20.1068,7.12502,16.4199,-9.21828,-1.28092e-14,1.74931e-14,-39.7277,13.1237,78.8397,18.5949,-6.97934,-4.66717,18.6084,7.12502,21.1132,47.4789,23.9302,10.401,28.3195,1.59028e-14,-11.5008,-7.44736,-1.89854,-33.0706,-21.3431,-11.735,26.5717,-9.02676,13.5848,22.0487
-0.283622,16.1328,-1.87521,1.58593,0.259048,-0.985451,11.7664,1.2224,-4.08879,-4.3898,1.2187,2.27673,-11.5759,0.990154,4.54147,-10.377,-6.27822,-3.36594,19.3206,-8.76729,3.36974,7.97956,-4.10341,0.780822,2.37299e-15,-2.38542e-15,-35.2007,2.082,-82.3127,26.3577,6.12278,-9.5741,20.4309,7.12502,16.3937,-8.8963,2.37299e-15,-2.38542e-15,-40.1123,13.0452,78.9291,18.7558,-6.82833,-4.65159,18.8463,7.12502,21.1281,47.7151,24.5665,10.3753,28.0096,-3.81667e-14,-10.9482,-7.10503,-2.75458,-32.713,-21.1386,-12.1998,26.9329,-8.23207,13.4923,24.6012
-0.245082,16.1216,-1.72618,1.5551,0.212279,-0.772173,11.6875,1.19341,-4.35815,-4.43472,1.1401,2.29491,-11.5798,0.974947,4.73317,-10.5006,-6.2598,-3.45567,19.5266,-8.71988,3.30838,8.07003,-4.08852,0.773265,-7.86442e-15,9.54166e-15,-35.546,2.38386,-82.3792,26.2199,5.96026,-9.47447,20.2832,7.12502,16.4897,-9.03609,-7.86442e-15,9.54166e-15,-40.4509,13.613,78.6364,18.5218,-7.49945,-4.52382,18.2829,7.12502,21.2509,47.138,25.1487,10.1688,27.6412,-2.8625e-14,-10.1711,-6.94962,-4.37774,-32.3878,-20.7847,-12.814,27.3235,-8.56445,12.9856,30.4751
-0.206893,16.0906,-1.58412,1.46024,0.183468,-0.500895,11.7493,1.19645,-4.61657,-4.47346,1.09111,2.22249,-11.6613,0.970693,4.81212,-10.424,-6.2564,-3.41285,19.4924,-8.72216,3.2985,8.0424,-4.08943,0.765987,1.11195e-14,4.37326e-15,-35.9374,2.35117,-82.4016,26.1264,6.02265,-9.53763,20.3667,7.12502,16.4289,-8.9576,1.11195e-14,4.37326e-15,-40.5701,13.7132,78.518,18.1135,-7.66873,-4.46509,17.6409,7.12502,21.3073,46.4896,22.059,9.89779,27.2281,6.67537,-12.1872,-6.29062,-5.47969,-32.0417,-20.0229,-13.6634,27.8727,-8.1952,12.5643,31.6856
-0.165995,16.0836,-1.43598,1.43522,0.119203,-0.0853368,11.7295,1.23455,-4.92917,-4.53508,1.07317,2.0573,-11.7227,0.980889,4.81245,-10.3236,-6.31441,-3.27476,19.4201,-8.81247,3.22458,7.99344,-4.13234,0.714552,1.717e-14,2.46493e-14,-36.2871,1.93098,-82.3478,25.985,6.48792,-9.4275,20.3211,7.12502,16.5349,-8.99435,1.717e-14,2.46493e-14,-40.6901,13.6666,78.4005,17.8696,-7.71787,-4.29443,17.7137,7.12502,21.4712,46.5437,20.099,9.69509,26.5727,11.0852,-13.0603,-5.8095,-6.32994,-31.659,-19.0556,-14.7161,28.3213,-7.34812,12.0923,31.0974
-0.12519,16.0798,-1.28625,1.40175,0.119281,0.290704,11.6827,1.25519,-5.17421,-4.57375,1.04424,1.89218,-11.7382,0.978909,4.77625,-10.3162,-6.37153,-3.24227,19.4245,-8.90842,3.27043,7.99767,-4.17142,0.71419,3.72721e-15,-1.51076e-14,-36.4982,1.20219,-82.2211,25.7887,7.02137,-9.06012,20.0332,7.12502,16.8886,-9.25249,3.72721e-15,-1.51076e-14,-40.8244,13.9415,78.1081,17.6371,-8.18297,-4.43981,18.1129,7.12502,21.3316,46.9588,18.5628,9.14624,25.8205,14.5648,-13.2331,-5.2498,-7.91194,-31.3574,-18.1044,-15.669,28.7801,-6.93426,11.2782,33.2041
-0.0836965,16.0741,-1.13883,1.43785,0.187126,0.699347,11.5036,1.24043,-5.44789,-4.58757,0.973491,1.75409,-11.642,0.956521,4.79509,-10.3749,-6.40796,-3.37586,19.5165,-8.96183,3.3842,8.05285,-4.19321,0.763399,-5.46658e-16,-7.55382e-15,-36.7651,0.981016,-82.2235,25.6188,7.19522,-9.19478,19.9626,7.12502,16.7589,-9.33403,-5.46658e-16,-7.55382e-15,-40.8187,14.3482,77.8028,17.1663,-8.80271,-4.51082,18.353,7.12502,21.2634,47.2066,17.3077,8.3902,24.949,17.4611,-12.8623,-4.54532,-8.72438,-31.0439,-17.1645,-16.6228,29.0808,-6.54556,10.4214,35.7943
-0.0421583,16.0653,-0.98707,1.44378,0.187383,1.04967,11.3062,1.22288,-5.71667,-4.66144,0.905981,1.65976,-11.6045,0.940774,4.85901,-10.081,-6.42942,-3.46063,19.5081,-8.98789,3.40133,8.00301,-4.21552,0.789982,2.48481e-17,-4.77083e-15,-37.3584,0.809751,-82.2031,25.496,7.5249,-9.88649,20.9099,7.12502,16.093,-8.4419,2.48481e-17,-4.77083e-15,-40.9435,14.6961,77.4974,16.7135,-9.37692,-4.48306,18.6926,7.12502,21.29,47.5432,16.2661,7.64897,24.1126,20.1683,-12.3991,-3.70632,-8.96801,-30.577,-16.2657,-17.5287,29.376,-6.064,9.76421,36.5539
0.0020694,16.0585,-0.834872,1.31361,0.238404,1.28148,11.3578,1.2241,-5.82901,-4.74467,0.877171,1.58795,-11.7284,0.938285,4.85045,-9.86553,-6.51413,-3.6462,19.5723,-9.11009,3.53235,8.0058,-4.27757,0.855705,-1.20265e-14,-5.56597e-15,-38.0517,0.323195,-81.9867,25.4409,7.85476,-10.2035,21.9122,7.12502,15.7877,-7.46395,-1.20265e-14,-5.56597e-15,-41.1081,14.6499,77.4732,16.5359,-9.45073,-4.20247,19.2604,7.12502,21.5595,48.0804,15.3476,6.70282,23.3219,22.7379,-11.7016,-2.9336,-8.90442,-30.0731,-15.5384,-18.2902,29.7761,-5.64061,9.06883,37.3467
0.0469338,16.0507,-0.686641,1.19592,0.358629,1.37523,11.3834,1.19406,-5.69886,-4.72712,0.848835,1.51691,-11.714,0.910295,4.70368,-10.091,-6.58035,-3.70422,19.7549,-9.20046,3.55756,8.11521,-4.31567,0.852853,1.46604e-15,1.98785e-15,-38.4314,-0.143806,-81.8325,25.3107,8.02165,-10.1687,22.1292,7.12502,15.8212,-7.24432,1.46604e-15,1.98785e-15,-41.1148,14.6151,77.4628,16.4424,-9.48919,-3.74344,19.5105,7.12502,22.0003,48.2793,14.3674,5.66811,22.6473,25.2338,-10.6679,-2.22495,-8.43748,-29.7656,-14.9347,-18.8558,30.2964,-5.18986,8.35019,39.0658
0.0945518,16.0502,-0.536965,1.17021,0.45264,1.44497,11.1965,1.14839,-5.56568,-4.72923,0.815872,1.48268,-11.5944,0.878986,4.59679,-10.138,-6.59168,-3.71928,19.8777,-9.20591,3.49707,8.16274,-4.32262,0.831515,7.10655e-15,1.19271e-15,-38.8464,-0.61238,-81.6295,25.1918,8.23394,-10.1629,22.3539,7.12502,15.8268,-7.01915,7.10655e-15,1.19271e-15,-41.136,15.161,77.0653,16.0187,-10.1815,-3.94358,19.0601,7.12502,21.8081,47.8513,13.2258,4.53107,21.8828,27.7097,-9.26978,-1.41282,-9.62887,-29.5067,-14.2394,-19.4763,30.8531,-4.36286,7.78031,37.8543
0.138783,16.0531,-0.390193,1.12365,0.626518,1.61975,11.1529,1.07849,-5.57564,-4.80025,0.716441,1.43775,-11.6354,0.833234,4.57438,-9.90437,-6.60264,-3.72539,19.7741,-9.20831,3.43211,8.08299,-4.33622,0.820822,-1.98785e-15,7.15625e-15,-39.4072,-0.796342,-81.5708,25.1087,8.35848,-10.0279,21.7728,7.12502,15.9568,-7.58995,-1.98785e-15,7.15625e-15,-41.2175,15.4361,76.8788,15.7184,-10.6415,-4.18771,19.1248,7.12502,21.5737,47.9432,12.0384,3.36267,20.9989,30.2093,-7.4335,-0.679305,-8.14243,-29.1438,-13.4774,-20.252,31.3203,-3.54657,7.14158,35.4036
0.182103,16.0573,-0.243428,0.911697,0.693874,1.70501,11.3009,1.02314,-5.49662,-4.77695,0.645436,1.42853,-11.6866,0.79396,4.53468,-10.0675,-6.64127,-3.67378,20.024,-9.22762,3.18715,8.18195,-4.35906,0.721045,-2.65874e-15,5.56597e-15,-39.8485,-0.9427,-81.5118,24.9966,8.56339,-9.87424,21.0177,7.12502,16.1048,-8.33308,-2.65874e-15,5.56597e-15,-41.2095,15.6819,76.7992,15.5789,-11.0307,-4.26304,19.3007,7.12502,21.5013,48.1273,10.8896,2.49784,20.3061,32.7593,-5.31842,-0.168061,-5.32338,-28.5322,-12.8487,-20.8974,31.6841,-3.10367,6.61359,33.6441
0.22623,16.0687,-0.0992169,0.723092,0.697324,1.86064,11.4577,1.01982,-5.48122,-4.7381,0.6306,1.38631,-11.7338,0.784136,4.48279,-10.361,-6.70671,-3.69183,20.4459,-9.29131,3.01742,8.37179,-4.39652,0.644179,-5.96354e-15,1.23246e-14,-40.232,-1.22401,-81.3809,25.0813,8.47271,-9.61571,21.078,7.12502,16.3537,-8.25251,-5.96354e-15,1.23246e-14,-41.0607,16.0457,76.62,15.2186,-11.8378,-4.43126,18.5265,7.12502,21.3398,47.3715,9.58014,1.77807,19.5735,35.3961,-3.33134,0.148288,-5.31311,-27.8417,-12.5392,-21.5061,31.8873,-3.17066,6.24943,32.8015
0.271381,16.0754,0.0358965,0.611389,0.809581,2.134,11.5829,0.969044,-5.55804,-4.7435,0.53407,1.31244,-11.804,0.742797,4.46644,-10.2965,-6.69611,-3.8245,20.4556,-9.27468,3.10931,8.37415,-4.39066,0.699457,-1.06598e-14,2.78299e-15,-40.7367,-1.32698,-81.34,25.3947,8.07848,-8.99583,20.8052,7.12502,16.9505,-8.47512,-1.06598e-14,2.78299e-15,-41.0373,15.8367,76.8288,15.3174,-11.7091,-4.39372,18.3748,7.12502,21.3758,47.2157,8.19778,0.971592,18.7352,38.101,-1.21942,0.322352,-7.12509,-27.228,-12.5555,-22.1787,31.9532,-3.38668,6.09433,31.7228
0.313782,16.0773,0.169987,0.463808,0.842326,2.47097,11.7275,0.952449,-5.74149,-4.69151,0.462422,1.2103,-11.8257,0.717158,4.474,-10.4509,-6.61967,-3.83045,20.4434,-9.17726,3.18125,8.39828,-4.33548,0.72951,-8.87077e-15,-2.78299e-15,-41.2368,-1.50957,-81.2681,25.6515,7.97288,-8.53326,20.5814,7.12502,17.3957,-8.6602,-8.87077e-15,-2.78299e-15,-40.8305,15.1513,77.3811,15.7075,-10.749,-4.01834,19.4607,7.12502,21.7364,48.2603,6.84458,0.440068,17.9325,40.8861,1.34206,0.259922,-7.23426,-26.4637,-12.5604,-22.8885,31.8738,-3.66373,5.93634,31.3921
0.357825,16.083,0.308769,0.289412,0.830232,2.84831,11.7842,0.943154,-5.96878,-4.56269,0.403417,1.13751,-11.7096,0.695758,4.53534,-10.785,-6.59246,-3.84901,20.6239,-9.10785,3.06469,8.51262,-4.30754,0.687282,9.56651e-15,-2.62396e-14,-41.5016,-1.42338,-81.2864,25.7085,7.66784,-8.21676,20.3687,7.12502,17.7003,-8.84572,9.56651e-15,-2.62396e-14,-40.5472,15.052,77.6183,15.812,-10.6704,-3.84507,19.9565,7.12502,21.9027,48.7367,5.43901,0.1039,17.0874,43.7267,3.97527,0.407435,-5.9409,-25.5293,-12.5392,-23.6724,31.7234,-4.05586,5.84323,31.1464
0.400872,16.0955,0.441935,0.177199,0.793075,3.34426,11.8793,0.973603,-6.29148,-4.52679,0.370192,1.00117,-11.7273,0.697366,4.57587,-10.7356,-6.61731,-3.86597,20.604,-9.11611,2.95825,8.49276,-4.32444,0.655993,2.06736e-14,-1.98785e-14,-41.8272,-1.6921,-81.2042,25.7449,7.59341,-7.95336,20.2824,7.12502,17.9537,-8.90887,2.06736e-14,-1.98785e-14,-40.346,14.7788,77.8561,15.8617,-10.724,-3.79401,19.8789,7.12502,21.9518,48.6534,3.87105,-0.0922137,16.1164,46.6135,6.29168,0.438976,-3.18076,-24.642,-12.348,-24.592,31.4836,-4.2381,5.75792,30.0539
0.44138,16.1022,0.567547,0.0755062,0.74856,3.74727,12.0468,1.00319,-6.5442,-4.53465,0.344273,0.900565,-11.8385,0.703429,4.61498,-10.447,-6.58551,-3.86115,20.2565,-9.05946,2.93127,8.31917,-4.30899,0.668303,-1.31943e-14,5.1684e-15,-42.357,-1.75963,-81.1953,26.0331,7.32794,-7.88204,20.1332,7.12502,18.0223,-9.05184,-1.31943e-14,5.1684e-15,-40.2341,14.2007,78.3157,16.1374,-10.3498,-3.81866,19.9173,7.12502,21.9281,48.6946,2.24013,-0.208399,15.3216,49.4871,8.03296,0.365103,-1.55286,-23.7725,-12.3635,-25.3617,31.1523,-4.46296,5.87124,29.1524
0.478524,16.1133,0.690361,0.0908536,0.623983,4.13781,12.1687,1.04291,-6.77775,-4.55289,0.333882,0.770569,-11.9355,0.713866,4.60676,-10.4502,-6.55734,-3.85605,20.1518,-9.01683,2.93494,8.28284,-4.28929,0.67487,2.40281e-14,-8.74653e-15,-42.7856,-1.86001,-81.2444,26.3093,7.14831,-7.75422,20.0936,7.12502,18.1453,-9.08002,2.40281e-14,-8.74653e-15,-39.9916,13.5202,78.8178,16.4455,-9.6898,-3.81493,19.6732,7.12502,21.9317,48.45,0.342969,-0.280618,14.6114,52.3344,10.2904,0.172741,-0.654996,-23.0308,-12.2396,-26.0779,30.7597,-4.54903,5.89104,27.8571
0.512672,16.1241,0.815617,0.0623879,0.435109,4.53057,12.2698,1.0774,-7.05877,-4.57636,0.313386,0.681796,-12.0264,0.725337,4.67316,-10.659,-6.51879,-3.94671,20.5065,-8.93794,2.85317,8.43793,-4.25953,0.658529,-1.82136e-14,1.98785e-14,-43.0156,-2.06184,-81.1442,26.2128,7.23461,-7.57521,19.9755,7.12502,18.3175,-9.18208,-1.82136e-14,1.98785e-14,-39.844,12.9425,79.3048,16.7817,-8.96273,-3.86517,19.2773,7.12502,21.8834,48.0598,-1.46973,-0.222845,13.9299,55.0416,13.1355,-0.842571,3.08995,-22.1964,-12.1093,-26.7744,30.3867,-4.786,5.75059,27.864
0.542534,16.1287,0.940599,0.0112072,0.335493,4.9284,12.3447,1.11697,-7.39393,-4.62443,0.289997,0.586801,-12.131,0.740814,4.7638,-10.7137,-6.50475,-4.06573,20.8086,-8.90913,2.85757,8.55531,-4.2505,0.675838,-7.45443e-16,2.18663e-14,-43.3573,-2.54885,-80.9163,26.0742,7.70661,-7.43483,20.1461,7.12502,18.4526,-8.99873,-7.45443e-16,2.18663e-14,-39.7261,12.5354,79.5481,16.9658,-8.62131,-3.62905,19.2115,7.12502,22.1101,47.9673,-3.12641,-0.205776,13.2822,57.6051,16.069,-2.42611,8.31086,-21.3855,-12.1148,-27.4441,30.0729,-5.2824,5.76847,27.3972
0.569672,16.1363,1.06494,-0.0469374,0.184693,5.14568,12.3276,1.14936,-7.55341,-4.58735,0.30113,0.518879,-12.0828,0.751983,4.7762,-10.6238,-6.47425,-4.01779,20.7209,-8.86824,2.82719,8.5037,-4.23307,0.667261,1.19271e-15,-1.86858e-14,-43.4989,-3.07188,-80.7587,25.9107,8.09244,-7.51933,20.5366,7.12502,18.3713,-8.61589,1.19271e-15,-1.86858e-14,-39.4114,12.2052,79.7267,17.0166,-8.35177,-3.60921,19.0994,7.12502,22.1292,47.853,-4.78334,-0.159755,12.8908,60.0089,19.064,-4.38014,11.2807,-20.7182,-12.1792,-27.8778,29.8606,-5.77806,6.0831,26.6471
0.594597,16.1403,1.18891,-0.0809016,-0.0571004,5.31819,12.3288,1.1884,-7.72461,-4.58408,0.321645,0.497999,-12.0871,0.773944,4.84551,-10.3639,-6.41341,-3.91593,20.35,-8.77881,2.75342,8.31916,-4.19866,0.651273,2.48481e-15,9.93923e-15,-43.6482,-3.24299,-80.7566,25.7448,8.2687,-7.64134,20.6005,7.12502,18.2539,-8.56296,2.48481e-15,9.93923e-15,-39.2024,11.8889,79.9717,17.2226,-7.85112,-3.88678,18.7952,7.12502,21.8627,47.5801,-6.54398,-0.0902256,12.5646,62.3045,21.085,-6.9945,15.3366,-20.104,-12.0377,-28.2739,29.7216,-6.11453,6.20535,26.2841
0.618611,16.1425,1.30697,-0.00161143,-0.261434,5.44931,12.3659,1.18459,-7.88036,-4.65262,0.283457,0.49971,-12.187,0.774268,4.94476,-10.1347,-6.28411,-3.8472,19.9544,-8.61218,2.80033,8.13756,-4.11803,0.687548,-9.83984e-15,-9.14409e-15,-43.8281,-3.27886,-80.7883,25.596,8.37043,-7.64273,20.5094,7.12502,18.2526,-8.65426,-9.83984e-15,-9.14409e-15,-39.1523,11.6618,80.1512,17.6268,-7.38576,-4.02067,19.1848,7.12502,21.7341,47.9847,-8.42892,-0.0444984,12.3225,64.5225,21.715,-9.82163,24.6071,-19.6339,-11.8306,-28.5953,29.6207,-6.49457,6.06759,26.2577
0.63809,16.152,1.4252,0.0282277,-0.473339,5.53661,12.3935,1.21913,-7.96635,-4.62349,0.308856,0.457866,-12.1758,0.789441,4.94125,-10.2863,-6.27093,-3.83219,19.9555,-8.61715,2.91888,8.17032,-4.10549,0.718227,-1.51573e-14,1.07344e-14,-43.7718,-3.73545,-80.7061,25.263,8.72312,-7.6322,20.6158,7.12502,18.2627,-8.54691,-1.51573e-14,1.07344e-14,-38.8759,11.2665,80.3968,17.969,-7.11616,-4.32859,19.9389,7.12502,21.4384,48.7727,-10.2218,-0.0314516,12.1908,66.6013,21.6354,-10.3017,27.3103,-19.1288,-11.659,-28.8572,29.5495,-6.96535,5.98852,26.3545
0.653088,16.1584,1.54535,-0.0427207,-0.595032,5.67277,12.362,1.22769,-8.19711,-4.51379,0.288405,0.462319,-12.0333,0.788491,5.08177,-10.4855,-6.27043,-3.78906,20.1628,-8.60066,2.79531,8.26755,-4.10115,0.662936,3.52843e-15,-1.90833e-14,-43.6333,-3.96859,-80.6756,25.0095,8.90444,-7.51701,20.7479,7.12502,18.3735,-8.40438,3.52843e-15,-1.90833e-14,-38.5762,10.6963,80.8085,18.3953,-6.56363,-4.56143,20.3334,7.12502,21.2147,49.1925,-11.7575,-0.103962,12.066,68.5416,20.0897,-9.24645,23.1034,-18.4898,-11.678,-29.1836,29.4814,-7.43845,6.02762,26.3927
0.665956,16.1544,1.65963,-0.145454,-0.644758,5.80752,12.3933,1.2186,-8.43348,-4.46094,0.234667,0.463685,-11.9889,0.777701,5.22989,-10.4424,-6.17113,-3.63896,20.2395,-8.45008,2.58542,8.26335,-4.03919,0.58698,2.78299e-15,7.55382e-15,-43.8428,-4.02864,-80.733,25.0898,8.85181,-7.51143,20.6503,7.12502,18.3789,-8.50144,2.78299e-15,7.55382e-15,-38.3618,10.5903,80.8711,18.7509,-6.23415,-4.53171,20.3825,7.12502,21.2433,49.2384,-13.1277,-0.244332,11.9436,70.4045,17.2245,-8.183,18.819,-17.8503,-11.6932,-29.5152,29.4057,-7.82419,6.10414,25.861
0.679705,16.159,1.77294,-0.21268,-0.752888,5.76194,12.4438,1.17982,-8.43786,-4.396,0.184286,0.504715,-11.9369,0.751884,5.28978,-10.512,-6.04787,-3.55232,20.2605,-8.27945,2.52017,8.27023,-3.95722,0.567737,4.02539e-15,-7.55382e-15,-43.9352,-4.21566,-80.7381,25.1095,9.19761,-7.54812,20.6199,7.12502,18.3436,-8.53517,4.02539e-15,-7.55382e-15,-37.9766,10.5252,80.9309,18.8502,-5.94815,-4.67881,20.1966,7.12502,21.102,49.0683,-14.5952,-0.213873,12.0952,72.0022,14.6642,-6.83249,13.746,-17.2567,-11.7319,-29.6342,29.3685,-8.21703,6.17204,25.9555
0.691322,16.1604,1.88215,-0.250535,-0.850521,5.85078,12.6133,1.14307,-8.61155,-4.37626,0.0907873,0.523671,-12.0054,0.724385,5.43214,-10.5282,-5.94941,-3.53429,20.1328,-8.15582,2.5922,8.22849,-3.89152,0.603233,-7.77745e-15,9.54166e-15,-43.8706,-4.43978,-80.7019,24.9173,9.49765,-7.53823,20.7328,7.12502,18.3531,-8.42143,-7.77745e-15,9.54166e-15,-37.7171,9.90333,81.392,19.3443,-5.03025,-4.82855,20.1492,7.12502,20.9581,49.0369,-16.1881,-0.138353,12.1037,73.3592,12.412,-6.00431,11.9899,-16.6858,-11.6306,-29.8773,29.2869,-8.51418,6.06645,26.2969
0.700041,16.16,1.99099,-0.343536,-0.894598,5.85723,12.8263,1.09998,-8.73139,-4.36636,-0.00373386,0.572962,-12.1097,0.69606,5.57902,-10.525,-5.89663,-3.5559,20.0487,-8.07877,2.60848,8.19878,-3.85615,0.621642,1.18774e-14,-9.54166e-15,-43.8894,-4.4575,-80.7716,24.8456,9.51604,-7.45149,20.5237,7.12502,18.4366,-8.62264,1.18774e-14,-9.54166e-15,-37.5569,9.27088,81.8266,19.9535,-4.09712,-4.94807,19.85,7.12502,20.8433,48.7504,-17.5142,-0.0835278,12.2718,74.3671,10.4763,-5.55381,12.5026,-16.0411,-11.4579,-30.0439,29.1537,-8.86129,5.97478,26.0744
0.711355,16.1676,2.10905,-0.487219,-0.933755,5.94911,12.9059,1.0706,-8.89689,-4.29228,-0.0770142,0.575995,-12.0631,0.669623,5.69407,-10.6297,-5.84799,-3.60113,20.2593,-8.01303,2.62955,8.28915,-3.8229,0.636874,1.80149e-14,1.74931e-14,-43.8972,-4.52582,-80.8362,24.7551,9.54051,-7.37767,20.3729,7.12502,18.5076,-8.76668,1.80149e-14,1.74931e-14,-37.273,9.17362,81.8984,20.0544,-4.28728,-5.16518,19.2092,7.12502,20.6347,48.1324,-18.6034,-0.0422248,12.3238,75.0816,8.7349,-5.06027,12.1378,-15.2462,-11.405,-30.3311,28.9289,-9.24311,6.01147,25.3288
0.727067,16.1754,2.22796,-0.634099,-0.964432,5.82278,13.0042,1.01868,-8.7367,-4.21903,-0.120027,0.617448,-12.0273,0.635029,5.65996,-10.6048,-5.79857,-3.59335,20.3797,-7.95311,2.63465,8.32296,-3.79282,0.643112,-3.42904e-15,7.15625e-15,-43.9829,-4.75236,-80.8017,24.7216,9.69374,-7.52479,20.7518,7.12502,18.366,-8.4012,-3.42904e-15,7.15625e-15,-37.053,8.7044,82.1672,20.2714,-4.04969,-5.53893,19.5665,7.12502,20.2755,48.5282,-19.6137,-0.0118687,12.6082,75.5467,7.11378,-4.73444,10.8171,-14.3616,-11.3691,-30.4159,28.6605,-9.62873,5.9911,24.7951
0.739331,16.1774,2.33794,-0.730374,-0.955073,5.77788,13.2164,0.982261,-8.70741,-4.22618,-0.180829,0.657507,-12.1525,0.612505,5.70502,-10.3991,-5.79545,-3.55429,20.3101,-7.94157,2.54877,8.25631,-3.79668,0.617188,-5.11871e-15,-8.74653e-15,-44.1173,-4.92505,-80.7495,24.5861,9.80852,-7.70066,20.7086,7.12502,18.1968,-8.4602,-5.11871e-15,-8.74653e-15,-36.941,8.50122,82.305,20.6168,-3.78271,-5.4108,20.5507,7.12502,20.3987,49.4993,-20.7981,-0.0434584,12.8046,75.8935,5.58761,-4.62092,10.1858,-13.5306,-11.3834,-30.5302,28.287,-9.9459,5.88077,25.5915
0.754025,16.1882,2.45527,-0.817051,-0.908874,5.74122,13.1677,0.896969,-8.67447,-4.1471,-0.274463,0.714516,-12.0152,0.55937,5.77068,-10.2957,-5.68738,-3.53636,20.2238,-7.7878,2.519,8.20134,-3.72777,0.625507,-3.57812e-15,-7.15625e-15,-44.087,-4.80387,-80.8432,24.5199,9.63131,-7.56779,20.3457,7.12502,18.3247,-8.81121,-3.57812e-15,-7.15625e-15,-36.6346,8.47358,82.4197,20.8244,-3.51629,-5.39282,20.4042,7.12502,20.4159,49.351,-21.9111,-0.0910006,12.9846,76.0058,4.33284,-4.44023,7.99861,-12.732,-11.4401,-30.7037,27.9637,-10.1468,6.06318,24.7775
0.769161,16.1953,2.58029,-0.828363,-0.75778,5.8369,12.8653,0.792502,-8.72169,-4.01671,-0.388041,0.704848,-11.6646,0.486984,5.8069,-10.2432,-5.58001,-3.45199,20.0629,-7.63788,2.46791,8.1272,-3.65745,0.614874,-1.98785e-16,1.66979e-14,-43.9607,-4.88596,-80.8814,24.4236,9.63182,-7.6268,20.2672,7.12502,18.2679,-8.89497,-1.98785e-16,1.66979e-14,-36.2736,7.9212,82.8184,21.2132,-2.8773,-5.45578,19.9305,7.12502,20.3554,48.8837,-22.8962,-0.331161,13.0074,75.9883,2.98443,-4.26086,6.76071,-12.001,-11.7305,-31.0298,27.7045,-10.4949,6.2827,24.2223
0.779522,16.1898,2.68936,-0.827983,-0.696047,5.91912,12.9973,0.728535,-8.81053,-4.07824,-0.506947,0.695676,-11.7951,0.445444,5.87711,-10.1645,-5.54483,-3.35256,20.1372,-7.58529,2.33614,8.12649,-3.63856,0.562621,-3.13086e-15,-1.07344e-14,-44.1888,-4.81063,-81.0078,24.501,9.44223,-7.56251,20.0314,7.12502,18.3298,-9.12496,-3.13086e-15,-1.07344e-14,-36.1792,7.28491,83.174,21.8177,-2.03708,-5.19748,20.1933,7.12502,20.6037,49.1198,-23.9397,-0.46119,13.0983,75.8891,1.43574,-4.16241,6.63496,-11.4226,-11.7691,-31.288,27.4615,-10.6874,6.41667,23.1988
0.787328,16.1854,2.78955,-0.825896,-0.813734,5.86758,13.2457,0.698056,-8.83183,-4.13511,-0.572206,0.761856,-11.9985,0.431869,5.98367,-10.1699,-5.54074,-3.39288,20.1598,-7.56932,2.316,8.13542,-3.63596,0.563708,1.83876e-15,7.95139e-15,-44.3148,-4.81009,-80.9967,24.5124,9.47966,-7.39294,20.111,7.12502,18.4929,-9.03,1.83876e-15,7.95139e-15,-35.9753,7.33229,83.1994,22.0518,-1.74158,-4.96147,19.5757,7.12502,20.8304,48.4775,-25.1371,-0.310624,13.3599,75.6448,-0.031485,-4.29464,7.96271,-10.9354,-11.6298,-31.3816,27.2525,-10.8529,6.63521,21.4527
0.800172,16.1839,2.90426,-0.720465,-0.806763,5.95772,13.1871,0.573072,-8.96166,-4.10005,-0.749241,0.82173,-11.8921,0.354237,6.16385,-10.5025,-5.44209,-3.33426,20.2071,-7.41678,2.23075,8.20093,-3.56291,0.531896,-9.54166e-15,-1.27222e-14,-44.2058,-4.52048,-81.1246,24.5017,9.43699,-7.47742,20.506,7.12502,18.4116,-8.64268,-9.54166e-15,-1.27222e-14,-35.7068,7.4343,83.2995,22.3441,-1.58007,-4.96044,18.878,7.12502,20.8314,47.7797,-26.2945,-0.255707,13.3795,75.2331,-1.52664,-4.46366,9.47379,-10.4934,-11.8003,-31.6461,27.1499,-11.284,6.77782,21.3661
0.810911,16.1793,3.01625,-0.572797,-0.526978,6.07673,13.2098,0.466286,-9.03535,-4.13983,-0.914514,0.784662,-11.9226,0.282806,6.20314,-10.5124,-5.418,-3.26235,20.1815,-7.39422,2.22406,8.19019,-3.54757,0.520547,-8.49804e-15,3.10104e-14,-44.3481,-4.56106,-81.2228,24.6047,9.32012,-7.54652,20.6889,7.12502,18.3451,-8.46605,-8.49804e-15,3.10104e-14,-35.4799,6.71569,83.6903,23.1252,-0.501205,-4.5972,19.1472,7.12502,21.1804,48.0102,-27.3765,-0.491172,13.3429,74.6767,-3.06193,-4.63836,11.4277,-10.1102,-12.2105,-31.9419,27.1059,-11.6656,6.9258,21.0966
0.818182,16.1684,3.12064,-0.508857,-0.495782,5.94111,13.3053,0.465356,-8.89058,-4.16795,-0.899461,0.795511,-12.0143,0.285419,6.13208,-10.423,-5.44588,-3.25374,20.1704,-7.45086,2.28934,8.17425,-3.56864,0.537366,-9.93923e-15,1.27222e-14,-44.5646,-4.70205,-81.2891,24.7989,9.06876,-7.34505,20.6094,7.12502,18.5389,-8.52714,-9.93923e-15,1.27222e-14,-35.1928,6.01368,84.0589,24.1629,0.848277,-3.88114,20.6093,7.12502,21.8681,49.3936,-28.3601,-0.410966,13.6399,73.9636,-4.61086,-4.7689,14.4445,-9.68306,-12.5331,-31.9633,27.0954,-12.115,7.21322,20.8862
0.827924,16.1579,3.22557,-0.423754,-0.731751,5.89786,13.2901,0.456937,-8.93846,-4.17313,-0.907815,0.887234,-12.0089,0.289602,6.264,-10.3887,-5.34443,-3.32304,20.1435,-7.30596,2.3314,8.15905,-3.50185,0.5792,3.85145e-15,1.82882e-14,-44.5694,-4.59174,-81.3034,24.9178,9.2023,-7.27268,20.2658,7.12502,18.6086,-8.86414,3.85145e-15,1.82882e-14,-34.9835,5.84179,84.3146,24.7302,1.38151,-3.91668,21.0879,7.12502,21.834,49.8762,-29.4217,-0.114583,13.8297,73.1215,-5.83925,-4.96058,15.7383,-9.30818,-12.5118,-32.0778,27.1221,-12.62,7.49394,20.321
0.83583,16.149,3.33262,-0.345559,-0.779844,5.89336,13.3549,0.392211,-8.94679,-4.22338,-0.999226,0.941557,-12.0887,0.255899,6.35338,-10.319,-5.18123,-3.3586,20.0838,-7.07587,2.34762,8.12121,-3.39539,0.617457,-4.96962e-15,2.54444e-14,-44.6988,-4.21615,-81.4992,25.1333,8.92519,-7.37848,20.4272,7.12502,18.5068,-8.71246,-4.96962e-15,2.54444e-14,-34.9078,5.65167,84.5215,24.7838,1.14449,-4.4749,19.8278,7.12502,21.2979,48.6775,-30.3508,0.0705926,13.9684,72.0855,-6.79503,-5.29057,16.0696,-8.9071,-12.6055,-32.2304,27.1139,-13.1131,7.65425,20.1656
0.84047,16.1417,3.44798,-0.309467,-0.670401,5.75207,13.4523,0.299083,-8.81182,-4.22627,-1.10225,1.00557,-12.1305,0.202613,6.37476,-10.4617,-5.12889,-3.31242,20.0456,-6.99635,2.30205,8.12828,-3.35716,0.599866,1.40143e-14,-3.97569e-15,-44.7793,-4.03625,-81.6797,25.2473,8.7018,-7.69038,20.8933,7.12502,18.2067,-8.27461,1.40143e-14,-3.97569e-15,-34.7052,5.26524,84.7375,24.9057,1.237,-4.76329,19.0422,7.12502,21.0208,47.9229,-31.0361,0.229374,14.2934,70.8124,-7.74953,-5.71461,15.6706,-8.34101,-12.8749,-32.2353,27.02,-13.5969,7.73362,20.3981
0.841838,16.1344,3.56403,-0.29562,-0.543323,5.74253,13.5801,0.235615,-8.88949,-4.24545,-1.21046,1.0512,-12.2094,0.165029,6.49986,-10.5505,-5.17722,-3.37605,20.101,-7.05634,2.32598,8.1682,-3.38656,0.608518,-8.59744e-15,2.38542e-15,-44.9282,-3.8993,-81.7863,25.3618,8.53574,-7.96827,21.0451,7.12502,17.9394,-8.14756,-8.59744e-15,2.38542e-15,-34.6184,4.81851,85.0628,25.6574,1.79659,-4.74432,20.3985,7.12502,21.0391,49.2772,-31.6596,0.355317,14.4496,69.378,-8.39632,-6.0514,15.3921,-7.69069,-13.0095,-32.3504,26.8667,-14.1617,7.56666,21.3524
0.841095,16.1343,3.6726,-0.195226,-0.406137,5.73908,13.665,0.182766,-8.99269,-4.27355,-1.30878,1.06821,-12.2745,0.132301,6.60428,-10.4676,-5.18774,-3.28023,19.8756,-7.0925,2.36923,8.07683,-3.39524,0.608277,-2.0773e-14,-3.18055e-15,-45.1037,-3.8404,-81.9067,25.5187,8.41511,-8.2582,21.5419,7.12502,17.6604,-7.67603,-2.0773e-14,-3.18055e-15,-34.4121,4.88242,85.0093,26.1818,2.30932,-4.21201,20.7195,7.12502,21.5504,49.5406,-32.315,0.507092,14.5518,67.7571,-8.87508,-6.13571,15.8266,-7.19275,-12.9954,-32.4284,26.6521,-14.4363,7.46462,21.1254
0.841279,16.1354,3.78238,-0.0598472,-0.364468,5.6451,13.6201,0.133822,-8.98469,-4.23804,-1.35991,1.12779,-12.1955,0.104851,6.67638,-10.6481,-5.16991,-3.18651,19.7868,-7.07477,2.36078,8.07525,-3.379,0.58819,1.81888e-14,-1.82882e-14,-45.1142,-3.6344,-82.1008,25.5663,8.23258,-8.41599,21.9805,7.12502,17.5085,-7.25102,1.81888e-14,-1.82882e-14,-34.0594,4.64973,85.1654,26.5766,2.80657,-4.02184,20.9639,7.12502,21.733,49.7639,-32.9314,0.812068,14.7406,66.0072,-9.40678,-6.08897,14.5455,-6.73277,-13.104,-32.4218,26.3831,-14.763,7.602,20.6409
0.843887,16.1303,3.89382,0.0252649,-0.44446,5.68477,13.6558,0.1444,-9.06325,-4.24531,-1.36402,1.13074,-12.2245,0.11112,6.72706,-10.8266,-5.14738,-3.01193,19.95,-7.03191,2.14423,8.14577,-3.36321,0.486404,-8.19987e-16,-1.27222e-14,-45.1856,-3.37177,-82.3027,25.6622,7.93099,-8.44847,22.0585,7.12502,17.4773,-7.17581,-8.19987e-16,-1.27222e-14,-33.7315,4.51663,85.2854,26.6685,2.88172,-4.2033,20.6874,7.12502,21.5587,49.5075,-33.4913,1.24203,14.7278,64.1974,-9.92083,-6.13019,13.5589,-6.17789,-13.1755,-32.593,26.0773,-15.0195,7.80404,20.0161
0.845226,16.1215,4.00448,0.158887,-0.542694,5.85778,13.6733,0.148879,-9.29219,-4.27721,-1.40661,1.11087,-12.2639,0.11128,6.84696,-10.8738,-5.06538,-2.95873,19.9537,-6.91877,2.10532,8.14886,-3.30885,0.475741,6.08778e-15,6.36111e-15,-45.2566,-3.18638,-82.453,25.7946,7.76676,-8.38115,21.9431,7.12502,17.5421,-7.2855,6.08778e-15,6.36111e-15,-33.5183,4.4963,85.354,26.8036,2.73413,-4.37009,19.7526,7.12502,21.3985,48.591,-34.1006,1.62484,14.5264,62.3265,-10.1707,-6.09163,12.3894,-5.65446,-13.0119,-32.8838,25.737,-15.0966,7.99511,18.61
0.847732,16.118,4.12407,0.22761,-0.821588,5.85361,13.6457,0.206998,-9.38215,-4.27193,-1.33744,1.15148,-12.2538,0.152203,6.92734,-10.8782,-4.93953,-2.97484,19.8607,-6.75679,2.1973,8.11798,-3.22495,0.526904,-1.26228e-14,-7.15625e-15,-45.3402,-3.14159,-82.5021,25.938,7.82369,-8.35362,21.6727,7.12502,17.5686,-7.55351,-1.26228e-14,-7.15625e-15,-33.4345,4.39386,85.471,27.1204,2.45614,-4.67612,18.6972,7.12502,21.1046,47.5686,-34.5335,2.22824,14.4934,60.2873,-10.1698,-6.03465,11.9373,-4.99594,-12.8943,-33.0181,25.3799,-15.5268,8.20875,18.2598
0.848654,16.1124,4.24124,0.289888,-1.11022,5.80564,13.6649,0.30508,-9.37965,-4.31631,-1.20972,1.14847,-12.3421,0.218901,6.89454,-10.6558,-4.95538,-2.97275,19.7032,-6.7967,2.27832,8.02918,-3.23997,0.556682,-1.16041e-14,7.15625e-15,-45.6892,-3.07367,-82.6545,26.2296,7.70813,-8.54947,21.9291,7.12502,17.3801,-7.3139,-1.16041e-14,7.15625e-15,-33.4471,4.19138,85.563,27.553,2.33872,-4.6368,18.5599,7.12502,21.1423,47.4272,-34.9033,2.93179,14.4709,58.1435,-10.1158,-5.77975,12.2653,-4.35293,-12.7127,-33.0745,24.9648,-15.9294,8.30099,18.1366
0.847482,16.1032,4.35232,0.442725,-1.22756,5.76006,13.6687,0.324671,-9.34484,-4.36894,-1.17941,1.15271,-12.4115,0.236627,6.8736,-10.5688,-5.03839,-2.97804,19.5719,-6.91086,2.28967,7.9737,-3.29569,0.553096,-6.80837e-15,-7.15625e-15,-45.8935,-3.10896,-82.7113,26.3567,7.76196,-8.99036,22.5309,7.12502,16.9557,-6.74904,-6.80837e-15,-7.15625e-15,-33.2105,3.7679,85.7313,27.7205,2.81694,-4.63115,18.315,7.12502,21.1478,47.1817,-35.266,3.56358,14.3944,55.8985,-9.99194,-5.69211,13.9525,-3.78199,-12.6135,-33.093,24.4771,-16.186,8.25456,18.3313
0.847494,16.0966,4.46798,0.510012,-1.37734,5.79867,13.6914,0.354202,-9.41668,-4.35415,-1.15473,1.15394,-12.413,0.253583,6.91081,-10.7394,-4.98643,-2.90005,19.5975,-6.84831,2.28195,8.00799,-3.25863,0.539576,6.93262e-15,-1.59028e-15,-45.8921,-2.91696,-82.8815,26.3073,7.55921,-9.23086,22.5861,7.12502,16.7242,-6.71356,6.93262e-15,-1.59028e-15,-32.952,3.42917,85.9077,27.9011,3.28765,-4.86406,17.8821,7.12502,20.924,46.7736,-35.5053,4.23415,14.1848,53.5886,-9.76831,-5.86013,14.2288,-3.03423,-12.7366,-33.2737,23.9237,-16.5357,8.42811,18.7236
0.84513,16.1002,4.58882,0.599631,-1.52175,5.83717,13.7135,0.409122,-9.5222,-4.36375,-1.10404,1.15019,-12.4481,0.28806,6.95607,-10.9833,-4.91109,-2.80664,19.7827,-6.76314,2.2856,8.10808,-3.20627,0.526041,-1.10822e-14,7.95139e-16,-45.9097,-2.81212,-82.994,26.2911,7.32199,-9.03529,22.3559,7.12502,16.9125,-6.92771,-1.10822e-14,7.95139e-16,-32.8683,3.12528,86.1691,28.2885,3.24385,-5.27661,18.0512,7.12502,20.5276,46.9859,-35.6296,5.02479,13.9343,51.152,-9.99597,-6.23041,12.8866,-2.22411,-12.8728,-33.4593,23.28,-16.7703,8.81028,18.2051
0.835986,16.1037,4.70408,0.761907,-1.52796,5.876,13.7683,0.407832,-9.69412,-4.42314,-1.14546,1.16621,-12.5428,0.291074,7.08563,-11.0519,-4.85208,-2.73508,19.8021,-6.69629,2.29533,8.12283,-3.16732,0.522743,4.34841e-15,2.06736e-14,-45.9783,-2.88836,-82.9563,26.2463,7.4708,-8.70593,22.6403,7.12502,17.2295,-6.61587,4.34841e-15,2.06736e-14,-32.8058,3.07711,86.286,28.6497,2.56316,-5.44716,18.0756,7.12502,20.3637,47.0279,-35.7552,5.915,13.619,48.6644,-10.4443,-6.73363,11.8831,-1.41105,-12.8484,-33.5368,22.4112,-16.7473,8.8814,17.0466
0.831673,16.1063,4.81585,0.996239,-1.5737,5.87657,13.6889,0.415865,-9.74057,-4.41657,-1.13317,1.17653,-12.4896,0.297573,7.11841,-11.1988,-4.83088,-2.63067,19.5667,-6.67918,2.31797,8.06733,-3.14943,0.513832,1.98785e-16,2.38542e-15,-45.8415,-2.94847,-82.9876,26.0726,7.55958,-8.7168,22.8031,7.12502,17.219,-6.45398,1.98785e-16,2.38542e-15,-32.5783,2.81357,86.4306,29.0248,2.17487,-5.44104,17.7217,7.12502,20.3696,46.6734,-35.938,6.76052,13.2617,46.1209,-10.5377,-7.16497,11.2077,-0.653576,-12.7968,-33.5762,21.418,-16.6377,8.99419,16.1788
0.830695,16.1104,4.93416,1.23634,-1.59844,6.0496,13.5753,0.416448,-9.88514,-4.48609,-1.15756,1.11816,-12.4987,0.297517,7.13857,-11.1417,-4.86144,-2.67763,19.406,-6.73424,2.44512,8.01134,-3.16887,0.560576,-2.88238e-15,-5.56597e-15,-45.7622,-2.8429,-83.1378,25.8208,7.34846,-8.8984,22.8367,7.12502,17.0442,-6.43557,-2.88238e-15,-5.56597e-15,-32.4552,2.39134,86.6289,29.4238,2.47019,-5.27962,18.2084,7.12502,20.5247,47.1435,-36.1325,7.61033,12.609,43.617,-10.5586,-7.67891,10.8781,0.169906,-12.8314,-33.8363,20.3268,-16.5045,9.16311,15.4902
0.82495,16.1165,5.05997,1.41356,-1.61052,6.08532,13.5611,0.393264,-9.94714,-4.63642,-1.20498,1.13551,-12.6563,0.296563,7.20772,-10.9702,-4.83501,-2.88468,19.532,-6.68491,2.53121,8.03161,-3.15339,0.630818,-1.50331e-14,1.27222e-14,-45.8514,-2.8203,-83.1069,25.523,7.41526,-9.25499,23.3763,7.12502,16.701,-5.92524,-1.50331e-14,1.27222e-14,-32.4308,2.27931,86.7891,29.9311,3.12413,-4.73661,19.9654,7.12502,21.0465,48.8433,-36.165,8.82748,11.9933,41.1198,-10.6243,-8.54443,12.1973,1.16813,-12.9147,-33.9491,19.1221,-16.3468,9.38041,14.4433
0.816177,16.1156,5.18534,1.55505,-1.68921,6.17055,13.4935,0.377123,-10.1231,-4.67376,-1.25309,1.14534,-12.6497,0.289768,7.32964,-10.9857,-4.7759,-2.96198,19.6755,-6.59017,2.51716,8.08172,-3.11406,0.647007,1.63003e-14,-7.95139e-15,-45.9502,-2.75573,-83.1555,25.5554,7.5112,-9.2046,23.2484,7.12502,16.7495,-6.04908,1.63003e-14,-7.95139e-15,-32.1607,2.52463,86.7216,29.906,3.13521,-4.22121,20.1452,7.12502,21.5415,48.9672,-36.173,10.2548,11.2434,38.7118,-10.6686,-9.59661,14.2057,2.34283,-12.9204,-34.117,17.7239,-16.2308,9.51583,14.0102
0.810571,16.1172,5.30663,1.73519,-1.78628,6.20884,13.3969,0.402101,-10.1269,-4.69078,-1.21734,1.08333,-12.6195,0.302069,7.25005,-10.8113,-4.85014,-2.96287,19.4434,-6.7153,2.64507,7.98132,-3.16547,0.682676,2.65874e-15,-9.54166e-15,-46.0808,-2.71685,-83.2938,25.7056,7.499,-8.87485,22.5978,7.12502,17.0669,-6.67253,2.65874e-15,-9.54166e-15,-31.8707,2.28257,86.8119,30.0844,3.52474,-4.15379,20.7795,7.12502,21.6063,49.5941,-36.2782,11.6916,10.4357,36.3815,-10.8737,-10.4629,16.1741,3.53969,-13.0645,-34.2693,16.1917,-16.0486,9.75615,13.6317
0.806138,16.122,5.43183,1.9234,-1.78401,6.2872,13.2843,0.379592,-10.1401,-4.79186,-1.24886,1.03225,-12.6639,0.291987,7.20524,-10.3672,-4.9238,-2.94513,19.164,-6.82682,2.67185,7.81237,-3.22329,0.691353,4.4975e-15,-2.62396e-14,-46.3221,-2.69951,-83.3229,25.7136,7.51797,-8.69366,22.172,7.12502,17.2413,-7.08319,4.4975e-15,-2.62396e-14,-31.9666,1.98042,86.956,29.4964,2.77097,-5.46233,17.7459,7.12502,20.3492,46.6997,-36.4446,13.105,9.48271,34.2274,-11.2716,-11.2893,15.6112,4.84753,-13.1941,-34.4482,14.4604,-15.7623,9.86795,13.1174
0.798822,16.1231,5.56224,2.05109,-1.65021,6.37354,13.1034,0.311409,-10.2117,-4.79645,-1.33359,1.02859,-12.542,0.250031,7.25556,-10.385,-4.87791,-2.93916,19.1481,-6.75958,2.65467,7.80739,-3.19234,0.691406,-5.71506e-15,-2.06736e-14,-46.3557,-2.8068,-83.2067,25.5227,7.55381,-8.51472,22.1606,7.12502,17.4135,-7.07939,-5.71506e-15,-2.06736e-14,-31.8952,1.72054,87.1251,29.475,2.84192,-5.8755,16.9155,7.12502,19.952,45.9112,-36.5267,14.6705,8.4124,32.2459,-11.8657,-12.2628,14.533,6.40496,-13.3648,-34.6286,12.4876,-15.4225,9.79287,13.2998
0.790499,16.1242,5.69124,2.14214,-1.47221,6.45626,13.0528,0.242083,-10.3092,-4.79296,-1.4388,1.02802,-12.4852,0.204546,7.33279,-10.5989,-4.81589,-2.91476,19.2959,-6.67836,2.65389,7.89144,-3.1478,0.688576,3.2054e-15,-1.74931e-14,-46.3887,-2.70768,-83.2452,25.4243,7.49119,-8.52875,22.4614,7.12502,17.4,-6.77977,3.2054e-15,-1.74931e-14,-31.7274,1.89414,87.127,29.7029,2.91361,-5.40145,17.6846,7.12502,20.4077,46.6322,-36.6463,16.3135,7.29807,30.5033,-12.3921,-13.4065,13.1317,8.21624,-13.5317,-34.8014,10.0897,-14.8417,9.8445,13.5375
0.781293,16.1271,5.81879,2.26959,-1.37501,6.5434,13.0279,0.232014,-10.3898,-4.87183,-1.47367,0.986923,-12.5561,0.200008,7.34102,-10.4995,-4.84632,-2.96988,19.3755,-6.73197,2.73081,7.9064,-3.17057,0.718903,1.19022e-14,-7.95139e-16,-46.4374,-2.88826,-83.164,25.235,7.8381,-8.49716,22.2422,7.12502,17.4304,-6.99632,1.19022e-14,-7.95139e-16,-31.6941,1.76,87.1961,29.9374,3.33065,-5.17771,18.198,7.12502,20.6227,47.1225,-36.8885,18.0403,6.10608,28.933,-13.0183,-14.4834,12.5472,10.1363,-13.3131,-34.9236,7.3166,-13.8458,9.86918,11.7769
0.767797,16.1266,5.95192,2.32708,-1.32776,6.63721,12.9951,0.231203,-10.5767,-4.92272,-1.50784,0.990187,-12.5889,0.203515,7.45942,-10.3083,-4.87275,-2.97178,19.3129,-6.75705,2.66479,7.84966,-3.19206,0.700604,-1.19271e-15,6.36111e-15,-46.5378,-2.95812,-83.0965,25.1736,7.94893,-8.28214,22.104,7.12502,17.6374,-7.11603,-1.19271e-15,6.36111e-15,-31.749,1.56101,87.395,30.1156,3.66308,-5.52886,18.5089,7.12502,20.2852,47.4696,-37.1416,19.8557,4.89933,27.5822,-13.8292,-15.4769,12.6132,12.6958,-13.0305,-35.0302,3.61804,-12.5306,9.8326,10.0835
0.749944,16.1264,6.08512,2.37489,-1.17818,6.512,12.9115,0.190396,-10.5708,-4.90605,-1.54155,1.067,-12.5094,0.185427,7.54756,-10.1191,-4.8672,-2.99341,19.1324,-6.73975,2.6499,7.75563,-3.19078,0.707809,-1.2424e-14,1.74931e-14,-46.6229,-3.00949,-83.0074,25.1376,7.82382,-8.71062,24.1484,7.12502,17.225,-5.10822,-1.2424e-14,1.74931e-14,-31.6602,1.54123,87.5073,30.1302,3.55654,-5.43623,19.0695,7.12502,20.3742,48.0207,-37.4253,21.622,3.97476,26.5018,-14.8227,-16.6684,12.1077,15.2269,-12.8479,-34.8395,0,-11.2428,9.704,8.90479
0.741589,16.1186,6.21352,2.52529,-0.967158,6.54886,12.7344,0.102214,-10.5422,-4.9652,-1.64076,1.03701,-12.4501,0.132808,7.51381,-9.82863,-4.8192,-2.86128,18.9833,-6.69419,2.62852,7.64735,-3.16688,0.693074,9.7156e-15,1.43125e-14,-46.8051,-2.97582,-83.0387,25.1302,7.81844,-8.47759,22.2667,7.12502,17.4493,-6.97012,9.7156e-15,1.43125e-14,-31.5813,1.6084,87.4785,30.0447,3.33987,-5.01659,19.3279,7.12502,20.7775,48.2355,-37.8035,22.7089,3.03148,25.6734,-16.0935,-17.1859,13.9228,15.605,-12.7408,-34.891,4.77083e-14,-11.5146,9.55676,7.50864
0.736264,16.0993,6.34532,2.62895,-0.777957,6.75925,12.6931,0.0508632,-10.5762,-5.06634,-1.72527,0.967989,-12.5271,0.100915,7.47433,-9.54707,-4.80102,-2.83296,18.6829,-6.66071,2.58637,7.49475,-3.15905,0.688505,1.10325e-14,2.38542e-15,-47.0377,-3.00237,-82.9216,25.1223,7.94827,-8.28765,21.3406,7.12502,17.632,-7.87992,1.10325e-14,2.38542e-15,-31.666,1.56122,87.6112,29.9291,3.33095,-5.19343,18.8808,7.12502,20.6076,47.8069,-38.0861,23.3886,2.15168,25.0491,-16.7933,-17.5352,13.7107,16.0926,-12.5999,-35.1649,-2.54444e-14,-11.9752,9.31168,7.03743
0.724117,16.0802,6.48304,2.68831,-0.56505,6.79972,12.7172,0.0338685,-10.4685,-5.10828,-1.73682,0.944848,-12.5893,0.0910801,7.39102,-9.48672,-4.8654,-3.04841,18.5546,-6.73414,2.71507,7.45657,-3.19909,0.760855,1.31695e-15,2.38542e-14,-47.1665,-3.19487,-82.723,25.0583,8.07061,-8.47059,21.5229,7.12502,17.456,-7.7133,1.31695e-15,2.38542e-14,-31.631,1.44637,87.7934,29.7163,3.30198,-5.4635,18.1457,7.12502,20.348,47.0997,-38.3087,24.1241,1.56919,24.6467,-17.3379,-17.9698,13.2546,16.6426,-12.4746,-35.216,3.18055e-14,-12.3152,9.08167,6.06954
0.711988,16.0643,6.62669,2.70189,-0.382871,6.70575,12.6687,-0.0447851,-10.3392,-5.08571,-1.80989,0.964429,-12.5175,0.0413747,7.35296,-9.55759,-4.90276,-3.13222,18.7209,-6.78907,2.78081,7.53091,-3.22286,0.786824,4.09993e-15,-1.03368e-14,-47.1028,-3.40529,-82.5758,24.6852,8.42556,-8.52666,21.6813,7.12502,17.402,-7.55974,4.09993e-15,-1.03368e-14,-31.5388,1.56087,87.7617,29.5486,3.18365,-5.52368,17.6917,7.12502,20.2902,46.6519,-38.3371,24.5115,1.4384,24.3917,-17.4741,-18.2849,12.2847,17.2391,-12.3046,-35.1229,-4.45278e-14,-12.561,8.84092,4.93555
0.70362,16.0453,6.77475,2.65543,-0.279601,6.69711,12.5224,-0.126067,-10.2767,-5.01038,-1.8852,0.9736,-12.3244,-0.0145271,7.33602,-9.53948,-4.86824,-3.17966,18.7575,-6.74512,2.83105,7.54178,-3.20059,0.815263,-1.27222e-14,-6.36111e-15,-47.1349,-3.11853,-82.6712,24.6703,8.36405,-8.38842,21.3769,7.12502,17.5351,-7.85232,-1.27222e-14,-6.36111e-15,-31.3603,1.88044,87.6917,29.2317,2.97741,-5.47261,18.1912,7.12502,20.3393,47.1461,-38.1645,24.4768,1.51878,24.2255,-17.5585,-17.9951,13.0228,17.8434,-12.0452,-35.1326,-4.13472e-14,-12.8418,8.56951,4.36709
0.688829,16.0257,6.91731,2.61857,-0.146469,6.65198,12.4011,-0.169707,-10.2065,-4.87147,-1.90495,1.00835,-12.084,-0.0487782,7.33057,-9.79997,-4.84994,-3.25552,18.7176,-6.7096,2.89395,7.57909,-3.17974,0.84519,3.32964e-15,-2.38542e-15,-46.9264,-3.14379,-82.5378,24.6119,8.59504,-8.45289,22.0487,7.12502,17.473,-7.18605,3.32964e-15,-2.38542e-15,-31.0118,2.11041,87.6901,28.8137,2.53929,-5.20044,18.935,7.12502,20.6008,47.8619,-37.8993,24.2958,1.78555,24.1584,-17.8327,-17.4663,15.5147,18.4118,-11.8243,-35.0632,-5.08889e-14,-13.0162,8.34058,3.90662
0.664974,16.0027,7.05224,2.67657,0.105009,6.66646,12.3957,-0.199816,-10.235,-4.83092,-1.94719,1.01048,-12.0244,-0.071821,7.35694,-10.0764,-4.87705,-3.1612,18.7437,-6.72441,2.73413,7.62851,-3.19069,0.76909,-6.08778e-15,3.97569e-15,-46.7551,-3.40997,-82.3327,24.4169,8.83854,-8.70367,23.0586,7.12502,17.2317,-6.19739,-6.08778e-15,3.97569e-15,-30.7692,2.28376,87.6685,28.3622,1.95151,-4.97627,18.6732,7.12502,20.8162,47.5766,-37.6727,23.922,2.0842,24.2417,-17.0271,-17.234,15.3596,18.9296,-11.7488,-35.018,-3.49861e-14,-12.9746,8.23228,2.59669
0.643506,15.9798,7.19047,2.74192,0.314745,6.67175,12.4113,-0.225326,-10.2222,-4.88314,-1.98644,0.990364,-12.0871,-0.0863741,7.33729,-9.82517,-4.87502,-3.04315,18.5539,-6.71257,2.58747,7.51136,-3.19501,0.712015,-1.11816e-14,-1.11319e-14,-46.8632,-3.7309,-82.1093,24.2298,9.06492,-8.72892,23.5289,7.12502,17.2074,-5.72923,-1.11816e-14,-1.11319e-14,-30.7512,2.5461,87.5789,27.9365,1.48184,-4.97538,18.094,7.12502,20.8171,46.9973,-37.4054,23.2805,2.55555,24.4903,-16.8608,-16.2317,19.3209,19.426,-11.6324,-34.9704,2.54444e-14,-12.7609,8.14571,1.60279
0.626476,15.9574,7.34041,2.73193,0.43133,6.79299,12.3476,-0.279106,-10.3187,-4.96939,-2.07601,0.968335,-12.13,-0.116259,7.38613,-9.29357,-4.80797,-3.19149,18.4226,-6.62082,2.67116,7.37901,-3.16181,0.787219,1.12065e-14,-6.36111e-15,-47.2321,-3.60208,-82.0786,24.1882,8.99584,-8.86483,23.9197,7.12502,17.0766,-5.34982,1.12065e-14,-6.36111e-15,-31.0023,2.87145,87.4418,27.5807,1.24202,-5.13302,17.3992,7.12502,20.6656,46.319,-37.067,22.6115,2.97685,24.8957,-16.7504,-14.894,24.462,19.959,-11.413,-35.0485,3.18055e-15,-12.3818,7.83337,2.80678
0.602548,15.9314,7.48602,2.7383,0.696969,7.00984,12.348,-0.353773,-10.6066,-5.0363,-2.2346,0.940518,-12.1726,-0.164263,7.55452,-9.24912,-4.81005,-3.21392,18.5568,-6.62575,2.66687,7.41576,-3.1658,0.788803,1.30204e-14,-1.66979e-14,-47.4153,-3.5803,-81.9808,24.0694,9.04721,-8.89497,24.047,7.12502,17.0475,-5.22505,1.30204e-14,-1.66979e-14,-31.1746,3.08837,87.3645,27.331,1.25288,-5.32697,17.1686,7.12502,20.4792,46.1086,-36.7551,22.0749,3.22846,25.4038,-16.4542,-14.0502,27.829,20.4992,-11.3547,-35.1836,5.725e-14,-12.095,7.48208,4.03392
0.574035,15.9074,7.62759,2.71615,0.93499,6.97229,12.3931,-0.383824,-10.6314,-4.96146,-2.27532,0.983326,-12.102,-0.186932,7.62558,-9.88563,-4.90444,-3.29188,18.8808,-6.74766,2.72356,7.64464,-3.21332,0.788118,6.38596e-15,7.15625e-15,-47.1506,-3.84187,-81.7519,23.836,9.34245,-8.68081,23.64,7.12502,17.2537,-5.61409,6.38596e-15,7.15625e-15,-30.9737,3.10281,87.4041,27.0823,1.43991,-5.30371,17.6904,7.12502,20.5016,46.6279,-36.5161,21.7035,3.73785,25.9973,-15.5784,-14.0084,28.6145,21.0965,-11.2579,-35.043,5.725e-14,-12.0154,7.29411,2.39519
0.549086,15.8947,7.78138,2.59847,1.07649,6.88522,12.3521,-0.397074,-10.5143,-4.82746,-2.25932,0.981449,-11.926,-0.205977,7.54722,-10.2505,-4.90192,-3.2414,18.9108,-6.73773,2.69662,7.71677,-3.20225,0.762377,8.84592e-15,-2.46493e-14,-46.9073,-4.14551,-81.6218,23.6195,9.49622,-8.89563,23.2936,7.12502,17.0469,-5.97845,8.84592e-15,-2.46493e-14,-30.858,3.10898,87.3756,26.7506,1.2855,-5.23832,17.8528,7.12502,20.5644,46.7835,-36.2509,21.5494,4.24195,26.5891,-14.5787,-14.2502,29.258,21.8227,-11.0404,-34.8768,-2.22639e-14,-11.899,7.09244,0.215101
0.524466,15.8912,7.93905,2.49409,1.29666,6.84212,12.4482,-0.422152,-10.4289,-4.85297,-2.29142,0.979148,-12.0082,-0.221319,7.50786,-10.2539,-4.79228,-3.28389,19.0353,-6.56977,2.63454,7.75238,-3.12994,0.764917,-2.25621e-14,6.36111e-15,-47.0877,-4.18915,-81.4992,23.4892,9.57243,-11.3339,27.9413,7.12502,14.6988,-1.51763,-2.25621e-14,6.36111e-15,-31.0668,3.30207,87.3007,26.493,1.02691,-5.26473,17.8124,7.12502,20.539,46.7459,-35.9445,21.496,4.59586,27.1023,-14.288,-14.1025,32.5222,22.5023,-10.9094,-34.7374,-5.725e-14,-11.5154,6.84108,-0.671135
0.498113,15.8874,8.09628,2.4295,1.49489,6.70726,12.4242,-0.468093,-10.3495,-4.79109,-2.32504,1.04626,-11.9131,-0.248865,7.54225,-10.4226,-4.72234,-3.40241,19.2477,-6.44993,2.61867,7.85272,-3.079,0.785144,6.53505e-15,-1.27222e-14,-46.9742,-4.54658,-81.1127,23.2259,10.0167,-11.4601,28.493,7.12502,14.5772,-0.974806,6.53505e-15,-1.27222e-14,-31.0523,3.56106,87.2823,26.6201,1.11636,-5.12079,19.069,7.12502,20.6774,47.9876,-35.6322,21.4358,5.04936,27.5573,-14.2894,-13.5612,36.8627,23.0926,-10.7687,-34.4863,5.08889e-14,-11.2031,6.55079,-2.63148
0.474453,15.8801,8.25262,2.36947,1.65936,6.48301,12.3475,-0.507932,-10.1122,-4.68003,-2.31527,1.10253,-11.7414,-0.275627,7.46082,-10.5458,-4.76346,-3.27264,19.1209,-6.49672,2.49468,7.82556,-3.10281,0.716744,2.38542e-15,-5.56597e-15,-46.79,-5.01047,-80.7205,23.0268,10.4626,-8.82949,23.881,7.12502,17.1106,-5.38552,2.38542e-15,-5.56597e-15,-30.9059,4.26486,86.9718,25.8078,0.290244,-5.30448,17.5249,7.12502,20.5008,46.4626,-35.2794,21.0434,5.72696,28.0625,-13.9453,-12.8188,39.9032,23.6749,-10.5934,-34.1499,4.13472e-14,-10.909,6.25956,-5.38874
0.45048,15.8809,8.40898,2.29191,1.85014,6.09064,12.3612,-0.595781,-9.72882,-4.68364,-2.35343,1.23925,-11.7468,-0.315958,7.40428,-10.4722,-4.70668,-3.20622,19.0013,-6.41468,2.42733,7.76552,-3.06714,0.695424,1.61264e-14,4.77083e-15,-46.7452,-5.0031,-80.576,22.8283,10.4982,-8.07867,21.5791,7.12502,17.8331,-7.62325,1.61264e-14,4.77083e-15,-31.1233,4.62559,86.8494,25.5547,0.425656,-5.2462,17.8976,7.12502,20.5568,46.8291,-34.8294,20.3877,6.72611,28.6193,-12.9508,-12.597,39.9221,23.6299,-10.4407,-33.6332,1.16853,-10.7782,5.99572,-7.26533
0.425839,15.8796,8.56357,2.2388,1.99202,5.87645,12.3603,-0.669842,-9.59758,-4.71452,-2.41904,1.35533,-11.7663,-0.349082,7.47446,-10.4076,-4.60874,-3.26208,19.1224,-6.26136,2.36084,7.78894,-3.00442,0.698953,-3.06625e-14,-3.49861e-14,-46.7027,-5.14855,-80.2573,22.5601,10.8443,-10.0659,25.6244,7.12502,15.9202,-3.74127,-3.06625e-14,-3.49861e-14,-31.5021,5.02783,86.8137,25.7141,0.505438,-5.30182,19.3268,7.12502,20.5034,48.2642,-34.4754,19.5793,7.55792,29.3067,-11.8356,-12.546,38.8559,21.0138,-10.2569,-33.2813,6.71733,-12.3568,5.78305,-8.29746
0.399747,15.8717,8.71429,2.11455,1.95028,5.6153,12.3305,-0.66902,-9.43381,-4.64728,-2.374,1.43445,-11.6797,-0.344441,7.45659,-10.4031,-4.55252,-3.23152,19.1841,-6.18049,2.30822,7.80328,-2.96836,0.684599,7.47927e-15,7.15625e-15,-46.5561,-5.39504,-79.9896,22.2337,11.1485,-8.56046,21.5865,7.12502,17.3695,-7.65736,7.47927e-15,7.15625e-15,-31.7744,5.7433,86.4449,25.1275,-0.317981,-5.52347,18.1149,7.12502,20.2904,47.0751,-34.197,18.9117,8.45241,30.052,-10.9078,-12.4691,37.5387,19.9434,-9.88907,-32.8334,9.71378,-12.8975,5.34176,-8.16942
0.374075,15.8613,8.86525,1.98222,1.85962,5.44051,12.2989,-0.647064,-9.34331,-4.6624,-2.32321,1.46188,-11.6889,-0.324778,7.4241,-10.0352,-4.51516,-3.1615,19.0554,-6.15586,2.3439,7.69271,-2.95358,0.697409,1.47846e-14,-1.19271e-14,-46.5639,-5.80779,-79.6203,21.7473,11.5278,-10.4083,25.8032,7.12502,15.5905,-3.5885,1.47846e-14,-1.19271e-14,-32.2433,5.9759,86.2208,24.8135,-0.611113,-5.64393,17.914,7.12502,20.1746,46.8864,-33.9608,18.3968,9.17884,30.845,-10.3059,-12.3109,36.1711,19.1587,-9.47294,-32.4734,12.1763,-12.7484,4.99669,-8.58226
0.347,15.8551,9.01431,1.85457,1.78828,5.18153,12.3999,-0.63597,-9.23496,-4.70067,-2.29106,1.55908,-11.7988,-0.30444,7.47141,-9.88904,-4.50705,-3.10149,19.0212,-6.14538,2.27674,7.6507,-2.95264,0.670609,-1.80894e-14,-7.95139e-16,-46.5182,-5.91006,-79.363,21.5017,11.7766,-10.4601,27.555,7.12502,15.5405,-1.84051,-1.80894e-14,-7.95139e-16,-32.6929,6.30723,86.0568,24.5875,-0.671986,-5.67098,18.2091,7.12502,20.1486,47.1843,-33.6921,18.0584,9.94587,31.5977,-9.82284,-12.3097,35.2282,18.337,-8.80225,-31.866,14.5455,-12.2965,4.32299,-8.92272
0.322621,15.854,9.16707,1.69376,1.64109,5.05662,12.4927,-0.573735,-9.22677,-4.62393,-2.20496,1.61821,-11.7816,-0.264863,7.51744,-10.2243,-4.53796,-3.14767,19.1934,-6.18715,2.33153,7.77228,-2.96574,0.682084,-1.47846e-14,7.95139e-16,-46.2226,-6.35062,-78.9028,21.1032,12.3246,-9.85026,26.6297,7.12502,16.1278,-2.71925,-1.47846e-14,7.95139e-16,-32.8856,6.9649,85.7604,24.1947,-1.04801,-5.55673,18.0621,7.12502,20.2584,47.0257,-33.353,17.7398,10.5721,32.3472,-9.4815,-11.9719,35.1153,17.5464,-7.96381,-31.3627,16.8576,-11.5761,3.51103,-8.67036
0.299124,15.8544,9.32086,1.53252,1.39113,5.10575,12.5054,-0.478456,-9.31998,-4.58426,-2.09624,1.58326,-11.7654,-0.210187,7.50804,-10.3492,-4.42835,-3.04262,19.3837,-6.05828,2.33461,7.85043,-2.89393,0.674402,3.29983e-14,6.36111e-15,-46.0823,-7.03745,-78.3513,20.6432,13.0586,-8.8686,24.0395,7.12502,17.0729,-5.23026,3.29983e-14,6.36111e-15,-33.2738,7.63755,85.331,24.0982,-1.16749,-5.06027,18.3383,7.12502,20.7355,47.2505,-33.0006,17.4342,11.0173,33.0794,-9.17624,-11.3387,35.6891,16.6158,-6.91071,-30.9837,19.2354,-10.586,2.67468,-9.46704
0.273597,15.8558,9.46885,1.43485,1.28953,5.28329,12.5137,-0.420444,-9.53315,-4.66938,-2.07055,1.49459,-11.8743,-0.175869,7.52823,-10.1061,-4.59444,-3.27067,19.4742,-6.29587,2.51971,7.85776,-3.00862,0.75286,-6.60959e-15,3.18055e-15,-46.0905,-7.37237,-78.0508,20.2265,13.3627,-8.41549,22.4475,7.12502,17.509,-6.78406,-6.60959e-15,3.18055e-15,-33.9475,8.02122,84.9488,24.5407,-0.584137,-4.03845,19.9393,7.12502,21.717,48.7411,-32.7136,17.0466,11.3013,33.7845,-8.61147,-10.9207,35.3778,15.5222,-5.96413,-30.6566,21.7049,-9.56611,1.69868,-10.428
0.244759,15.8577,9.61868,1.33697,1.25236,5.36937,12.5388,-0.376122,-9.74375,-4.6878,-2.05519,1.46269,-11.9126,-0.150571,7.61162,-9.94699,-4.65452,-3.40141,19.4107,-6.39316,2.68856,7.82145,-3.05106,0.823952,-1.6027e-14,-4.77083e-15,-45.9565,-7.76453,-77.7033,19.8774,13.7471,-8.40016,22.5562,7.12502,17.5238,-6.67403,-1.6027e-14,-4.77083e-15,-34.4342,8.33916,84.6478,24.7539,-0.28671,-3.37684,21.548,7.12502,22.3523,50.275,-32.3656,16.8331,11.6576,34.423,-8.23324,-10.7008,34.752,14.3473,-4.98561,-30.131,24.2803,-8.1555,0.650151,-10.689
0.218713,15.8634,9.77166,1.19773,1.15216,5.24463,12.513,-0.326312,-9.65975,-4.56505,-1.96667,1.4396,-11.775,-0.129748,7.51346,-10.2292,-4.66694,-3.33772,19.4478,-6.42757,2.75133,7.88566,-3.05293,0.823331,1.30452e-14,8.74653e-15,-45.5251,-8.33947,-77.3806,19.4336,14.2823,-8.22793,22.8273,7.12502,17.6895,-6.38807,1.30452e-14,8.74653e-15,-34.6348,8.74919,84.2579,24.3089,-0.847403,-3.70502,21.4274,7.12502,22.0372,50.1919,-31.8837,16.6718,12.2587,34.9527,-7.87335,-10.548,33.1796,13.1183,-3.88653,-29.4109,26.9458,-6.42862,-0.0397599,-11.5765
0.190432,15.8734,9.91597,1.09387,1.04453,5.11907,12.5348,-0.245322,-9.57574,-4.50373,-1.84741,1.39137,-11.7439,-0.0861645,7.38474,-10.4077,-4.69744,-3.21496,19.4877,-6.49727,2.79201,7.9305,-3.07059,0.804678,-8.67198e-15,-1.11319e-14,-45.2873,-8.93099,-77.0853,19.1201,14.7756,-8.44578,22.922,7.12502,17.4799,-6.31214,-8.67198e-15,-1.11319e-14,-34.9475,8.95,83.8906,23.6915,-1.82271,-4.34297,19.958,7.12502,21.4246,48.7934,-31.4058,16.7727,12.7785,35.3722,-7.81327,-10.5259,31.8242,11.658,-2.7939,-28.6511,29.689,-4.3665,-0.775722,-10.9365
0.165451,15.8864,10.0623,1.07031,0.953014,4.9522,12.4389,-0.219446,-9.41806,-4.51241,-1.77517,1.39293,-11.712,-0.0656104,7.27693,-10.5494,-4.71543,-3.19465,19.5551,-6.52953,2.81439,7.97961,-3.07992,0.801215,-1.69961e-14,-1.59028e-15,-45.154,-8.91348,-77.1289,19.0916,14.6819,-8.65883,22.2953,7.12502,17.2748,-6.95694,-1.69961e-14,-1.59028e-15,-35.3361,9.19717,83.5915,23.265,-2.57056,-4.67278,19.1083,7.12502,21.1078,47.9793,-30.9265,16.6996,13.3281,35.6867,-7.83093,-10.2973,30.8966,10.0344,-1.81904,-27.8878,32.5119,-2.13267,-1.35771,-10.6123
0.143306,15.8937,10.215,0.988375,1.00246,4.6605,12.3223,-0.226018,-9.09693,-4.46506,-1.71223,1.40916,-11.6017,-0.0678265,7.09153,-10.8279,-4.78789,-3.1059,19.6914,-6.63295,2.75814,8.07361,-3.12299,0.749094,-7.95139e-15,-3.18055e-15,-44.9525,-9.49072,-76.7841,18.8735,15.2748,-8.5177,22.1691,7.12502,17.4107,-7.07117,-7.95139e-15,-3.18055e-15,-35.6183,9.33034,83.3305,23.0011,-2.83445,-4.781,18.9864,7.12502,21.0038,47.869,-30.2415,16.4948,14.0524,35.89,-7.92458,-10.1072,30.1364,8.52653,-1.10035,-27.0824,35.4129,-0.210159,-1.78067,-10.827
0.115172,15.9001,10.363,0.946464,1.17475,4.31788,12.2444,-0.274257,-8.83733,-4.45035,-1.71738,1.47091,-11.5373,-0.091239,7.00943,-10.8671,-4.80479,-3.21168,19.8062,-6.66918,2.89749,8.1291,-3.13289,0.80631,-1.46604e-14,2.38542e-14,-44.7406,-9.63739,-76.7409,18.7279,15.3723,-8.29782,22.1246,7.12502,17.6223,-7.09681,-1.46604e-14,2.38542e-14,-35.9497,9.55733,83.0105,22.8641,-3.05026,-4.90101,18.5896,7.12502,20.8885,47.485,-29.5488,16.4736,14.7835,35.9945,-8.44389,-10.072,31.0823,6.99044,-0.56378,-26.2396,38.3485,1.64021,-2.30435,-12.062
0.0880072,15.9095,10.5035,0.913823,1.35557,3.93323,12.3221,-0.337939,-8.54454,-4.50998,-1.75474,1.5452,-11.6461,-0.11901,6.93778,-10.5714,-4.65352,-3.25635,19.8151,-6.48458,3.01815,8.07797,-3.04106,0.880361,-2.36057e-15,-1.15295e-14,-44.5575,-9.35493,-77.0118,18.6732,14.9133,-8.30802,22.0214,7.12502,17.6124,-7.20084,-2.36057e-15,-1.15295e-14,-36.3194,9.841,82.6462,22.6737,-3.24295,-4.80514,18.4922,7.12502,20.9806,47.3774,-28.8221,16.4796,15.5326,35.9432,-8.84874,-10.3391,29.2684,5.34493,-0.0400191,-25.358,41.3094,3.5745,-2.86151,-13.9317
0.0629916,15.926,10.6428,0.931007,1.56052,3.63341,12.3125,-0.380354,-8.30523,-4.53004,-1.7669,1.57798,-11.6625,-0.139759,6.84009,-10.4147,-4.83966,-3.4472,19.6829,-6.74289,3.19125,8.02777,-3.16452,0.946025,5.66536e-15,-3.97569e-15,-44.3879,-9.29759,-77.1478,18.8364,14.7597,-8.1126,21.6594,7.12502,17.8005,-7.54588,5.66536e-15,-3.97569e-15,-36.6093,10.0672,82.3323,22.6214,-3.45148,-4.48796,18.9301,7.12502,21.2853,47.7812,-28.066,16.3616,16.1834,35.7717,-8.86207,-10.6492,27.5383,3.51937,0.372282,-24.6189,44.2555,5.94559,-3.0009,-12.1164
0.0397393,15.9466,10.7816,0.901121,1.80061,3.20946,12.2877,-0.437129,-7.93866,-4.46681,-1.76609,1.66361,-11.5767,-0.169817,6.72256,-10.6663,-4.93091,-3.3199,19.6508,-6.86238,3.0859,8.05841,-3.21851,0.871776,-5.06901e-15,1.78906e-14,-44.0865,-9.26124,-77.2503,18.919,14.6606,-8.15033,21.6005,7.12502,17.7642,-7.6081,-5.06901e-15,1.78906e-14,-36.7681,10.1505,82.169,22.8054,-3.1175,-4.11119,19.3782,7.12502,21.6472,48.1881,-27.1508,16.2948,16.9581,35.437,-8.9042,-10.851,25.8922,1.67581,0.535714,-23.8088,47.2273,8.85332,-2.47712,-6.62805
0.0168758,15.9665,10.9212,0.912507,2.04456,2.7808,12.2545,-0.49411,-7.62652,-4.47868,-1.77588,1.76476,-11.5695,-0.193162,6.6577,-10.8694,-4.97507,-3.20271,19.705,-6.94758,3.10764,8.11272,-3.2447,0.84497,2.41772e-14,-1.07344e-14,-43.8948,-8.79912,-77.5803,19.138,14.0817,-8.07457,21.498,7.12502,17.8371,-7.70393,2.41772e-14,-1.07344e-14,-37.0425,10.1806,81.9836,23.1346,-2.71196,-3.75589,19.9842,7.12502,21.9884,48.7544,-26.2917,16.2336,17.7304,35.094,-9.03691,-11.1383,23.3964,-0.179589,0.65157,-23.0202,50.1369,12.2671,-1.85599,-2.77562
-0.00941074,15.984,11.0505,0.892672,2.22055,2.22249,12.4522,-0.516667,-7.26189,-4.54407,-1.74406,1.91947,-11.7693,-0.185201,6.62591,-10.7581,-5.03153,-3.22787,19.6764,-7.04266,3.20012,8.09081,-3.28465,0.872455,1.4387e-14,-1.86858e-14,-43.7997,-8.27577,-77.9089,19.5089,13.538,-7.93188,21.0238,7.12502,17.9744,-8.1656,1.4387e-14,-1.86858e-14,-37.2872,10.2639,81.8172,23.1478,-2.61858,-3.62829,19.9085,7.12502,22.1109,48.6643,-25.4833,16.2917,18.6456,34.7549,-9.25891,-11.3895,23.0098,-2.13231,0.902965,-22.0227,52.9841,15.9496,-1.09317,1.44296
-0.0286447,15.9959,11.1775,0.892387,2.38,1.97034,12.5808,-0.530795,-7.14615,-4.58211,-1.74418,2.00509,-11.8898,-0.182212,6.66257,-10.4531,-5.09726,-3.36781,19.4915,-7.12071,3.26357,7.98464,-3.33226,0.9175,5.71506e-16,-1.07344e-14,-43.6401,-7.59952,-78.3095,19.8097,12.8031,-8.10957,21.0673,7.12502,17.8034,-8.13773,5.71506e-16,-1.07344e-14,-37.6115,10.5369,81.6088,23.0313,-3.02861,-3.86327,19.2013,7.12502,21.8853,47.9835,-24.7704,16.1988,19.1916,34.4939,-9.81543,-11.3976,24.0395,-4.00959,1.1129,-21.4777,55.6384,19.2672,0.102411,5.48419
-0.0376778,16.0063,11.3149,0.907611,2.67245,1.87167,12.4813,-0.57177,-6.96906,-4.58183,-1.76464,1.97191,-11.829,-0.210591,6.52356,-10.4137,-5.1645,-3.51537,19.4711,-7.22476,3.44674,7.98745,-3.3756,0.991764,-2.73329e-15,-5.56597e-15,-43.5074,-7.26585,-78.5256,20.0674,12.3272,-8.12933,21.0207,7.12502,17.7844,-8.18607,-2.73329e-15,-5.56597e-15,-37.9315,10.4849,81.4842,23.0989,-3.27147,-4.14931,19.0987,7.12502,21.6106,47.9129,-23.9874,15.8026,19.5384,34.2637,-10.0941,-11.2829,22.9194,-5.6996,1.122,-21.2375,58.0832,22.1272,1.87475,8.77031
-0.048296,16.0177,11.4454,0.879207,2.88231,1.69444,12.5032,-0.557769,-6.77632,-4.56728,-1.71165,1.98505,-11.8364,-0.199591,6.41676,-10.4749,-5.24019,-3.62783,19.4925,-7.3483,3.64044,8.02252,-3.42251,1.0586,-5.11871e-15,-1.59028e-14,-43.2936,-7.13194,-78.5852,20.2976,12.1894,-7.90099,20.3569,7.12502,18.0041,-8.8298,-5.11871e-15,-1.59028e-14,-37.9932,10.3031,81.5105,23.0051,-3.22912,-4.10197,19.4637,7.12502,21.656,48.2726,-23.2322,15.5171,19.9787,34.0719,-10.5175,-11.1848,22.7071,-7.40025,1.28884,-20.8787,60.4274,24.4289,3.77511,11.4635
-0.064444,16.0326,11.5651,0.884815,2.95919,1.51524,12.6934,-0.471616,-6.68832,-4.62498,-1.5933,1.99867,-12.0376,-0.137485,6.36619,-10.3337,-5.23294,-3.63513,19.469,-7.36522,3.76366,7.995,-3.42169,1.10252,5.39203e-15,1.98785e-15,-43.0157,-7.41664,-78.4122,20.2934,12.4516,-7.8859,20.1708,7.12502,18.0186,-9.0145,5.39203e-15,1.98785e-15,-38.1139,10.3092,81.4196,22.8063,-3.48309,-4.34507,19.112,7.12502,21.4226,47.9477,-22.6282,15.5309,20.4129,33.8862,-10.8508,-11.3383,22.1948,-9.31023,1.6298,-20.5037,62.675,26.1533,4.92593,14.7228
-0.0756298,16.0453,11.6874,0.91863,3.18082,1.41412,12.7666,-0.465485,-6.63946,-4.60276,-1.58069,1.99874,-12.0588,-0.134782,6.33781,-10.6912,-5.42556,-3.64159,19.5378,-7.63269,3.80365,8.09556,-3.53828,1.07741,-4.17448e-15,1.98785e-14,-42.6042,-7.38368,-78.452,20.4385,12.4018,-8.05221,20.6001,7.12502,17.8586,-8.59992,-4.17448e-15,1.98785e-14,-38.1676,10.4196,81.317,22.867,-3.62195,-4.58672,19.1064,7.12502,21.1904,47.9682,-22.0089,15.3171,20.725,33.6829,-11.1059,-11.3482,21.6044,-11.231,1.80623,-20.2916,64.7692,27.2745,6.14246,19.6557
-0.0842555,16.0556,11.8131,0.932542,3.37791,1.45141,12.7767,-0.447278,-6.70317,-4.55468,-1.57241,1.94936,-12.0114,-0.132078,6.316,-11.0675,-5.5412,-3.65684,19.6598,-7.80193,3.88184,8.21551,-3.60381,1.07524,-2.12203e-14,-7.95139e-16,-42.2927,-6.98422,-78.7373,20.7384,11.9725,-8.3074,21.0506,7.12502,17.613,-8.17165,-2.12203e-14,-7.95139e-16,-38.2277,10.5223,81.2171,23.1252,-3.38929,-4.4608,19.3489,7.12502,21.3114,48.1971,-21.3792,15.1256,20.8832,33.5519,-11.6663,-11.2361,21.7266,-12.9935,1.90589,-20.2916,66.6571,27.6525,7.25579,22.6481
-0.0927329,16.0608,11.9359,0.878943,3.42117,1.35776,12.8167,-0.364674,-6.67267,-4.51609,-1.45627,1.95838,-12.0102,-0.0800029,6.28339,-11.0268,-5.67745,-3.87132,19.7373,-7.99464,4.0683,8.25958,-3.69205,1.15041,9.56651e-15,3.97569e-16,-42.0748,-6.78233,-78.8418,21.0628,11.8502,-8.50851,20.9058,7.12502,17.4195,-8.33367,9.56651e-15,3.97569e-16,-38.3113,10.2038,81.3708,23.2172,-2.84058,-4.54622,19.5052,7.12502,21.2294,48.3627,-20.71,15.1385,21.206,33.4198,-12.2069,-11.2538,21.698,-14.5446,2.2166,-20.1627,68.4079,26.6023,7.17791,22.5337
-0.0992228,16.0584,12.0568,0.77836,3.48738,1.39472,12.8593,-0.283517,-6.71037,-4.43297,-1.36006,1.90676,-11.9566,-0.0389637,6.22496,-10.9623,-5.7865,-3.9417,19.7028,-8.14095,4.10919,8.2477,-3.76378,1.16108,1.59028e-15,6.36111e-15,-41.7261,-6.76962,-78.8526,21.3191,11.9173,-8.52418,20.3401,7.12502,17.4044,-8.90075,1.59028e-15,6.36111e-15,-38.2749,10.0355,81.4091,23.1429,-2.58486,-4.6612,19.2956,7.12502,21.1189,48.1654,-20.0245,15.0935,21.3793,33.3148,-12.4712,-11.3089,21.3177,-15.901,2.50427,-20.2322,69.946,23.8779,6.13212,19.2565
-0.104731,16.0624,12.1774,0.674817,3.54422,1.26868,12.9727,-0.206716,-6.56732,-4.39712,-1.24087,1.879,-12.0041,0.00653708,6.08845,-10.8342,-5.88069,-3.98527,19.5801,-8.27525,4.17827,8.1944,-3.82757,1.18082,3.3048e-15,-3.18055e-15,-41.3857,-7.0013,-78.7436,21.4319,12.1241,-8.63797,20.477,7.12502,17.2949,-8.77345,3.3048e-15,-3.18055e-15,-38.3091,10.1851,81.2274,23.0776,-2.6708,-4.63352,19.0842,7.12502,21.1455,47.951,-19.3079,15.0055,21.7323,33.1724,-12.7356,-11.2705,21.3331,-17.3442,2.85393,-20.1047,71.4034,20.8108,4.21359,14.0533
-0.113266,16.0708,12.2931,0.60917,3.60331,1.27443,13.2075,-0.103416,-6.62855,-4.45015,-1.136,1.82888,-12.224,0.0705805,6.05371,-10.6204,-6.00297,-3.98109,19.5262,-8.4315,4.09342,8.14066,-3.91397,1.14199,1.26477e-14,-6.75868e-15,-41.195,-6.9409,-78.8193,21.5618,11.836,-8.85549,20.8358,7.12502,17.0855,-8.43291,1.26477e-14,-6.75868e-15,-38.5023,10.2925,81.0857,23.1609,-2.6272,-4.71335,19.0527,7.12502,21.0688,47.9281,-18.6393,14.8901,21.9439,33.0228,-13.1047,-11.164,20.8026,-18.813,3.1284,-20.157,72.6603,18.1452,2.33559,12.2672
-0.11937,16.0731,12.4079,0.609547,3.64746,1.27853,13.2567,-0.0170533,-6.70935,-4.41042,-1.03933,1.80631,-12.2235,0.120375,6.0532,-10.7092,-6.04519,-3.95005,19.6094,-8.48182,4.0232,8.18217,-3.93926,1.10476,-3.50358e-15,-5.96354e-15,-40.7702,-6.61051,-79.0534,21.6299,11.212,-9.06074,21.1866,7.12502,16.888,-8.09911,-3.50358e-15,-5.96354e-15,-38.4961,10.567,80.9529,23.1815,-2.64298,-4.68937,18.9137,7.12502,21.0918,47.7865,-18.0035,14.9463,22.1263,32.8013,-13.5597,-11.1163,20.7528,-20.2535,3.36638,-20.259,73.6796,15.5963,0.927715,14.0379
-0.124401,16.0736,12.5271,0.560858,3.62612,1.16171,13.2292,0.0667847,-6.6375,-4.35197,-0.912393,1.78307,-12.1599,0.16895,5.95433,-10.7882,-6.0911,-3.93755,19.7205,-8.57088,4.11507,8.24137,-3.96842,1.11942,-1.14177e-14,-4.37326e-15,-40.4229,-6.43046,-79.2332,21.7371,10.6678,-9.54647,21.6864,7.12502,16.4203,-7.63861,-1.14177e-14,-4.37326e-15,-38.5424,10.5695,80.8586,23.1892,-2.51754,-4.7371,18.772,7.12502,21.046,47.6499,-17.2922,15.1246,22.464,32.5493,-13.9556,-11.2771,21.015,-21.5889,3.5961,-20.2212,74.3919,12.9627,0.0629388,14.706
-0.130653,16.0816,12.6502,0.520578,3.62232,1.11237,13.2977,0.167097,-6.61385,-4.3976,-0.786789,1.71458,-12.2741,0.22952,5.83824,-10.5057,-6.18708,-4.06411,19.6227,-8.7375,4.36503,8.18272,-4.03909,1.21333,-4.55962e-15,1.66979e-14,-40.3404,-6.51282,-79.2767,22.1032,10.4328,-9.67064,21.8833,7.12502,16.3008,-7.45156,-4.55962e-15,1.66979e-14,-38.7771,10.3096,80.843,23.235,-2.13776,-4.8695,18.7149,7.12502,20.9188,47.607,-16.5506,15.2736,22.7464,32.287,-14.2836,-11.5065,20.283,-22.8764,3.79402,-20.2545,74.8071,10.4342,-0.316255,13.2928
-0.127265,16.0894,12.7767,0.519028,3.72976,1.10724,13.2487,0.214114,-6.52801,-4.38308,-0.709873,1.66307,-12.2396,0.254484,5.71176,-10.1184,-6.2567,-4.21822,19.2497,-8.8395,4.56954,8.01008,-4.09182,1.31001,-1.03244e-14,-1.98785e-15,-40.0627,-6.70266,-79.1945,22.3602,10.5665,-9.67978,22.0233,7.12502,16.292,-7.3123,-1.03244e-14,-1.98785e-15,-38.8515,10.3761,80.7843,23.2651,-2.02585,-4.79695,18.5542,7.12502,20.9885,47.4385,-15.8264,15.2454,22.9189,32.0383,-14.7652,-11.4129,20.4158,-23.9511,3.78962,-20.4279,74.9414,8.05412,-0.371325,12.0911
-0.12397,16.0873,12.8979,0.519024,3.75152,0.947635,13.033,0.285831,-6.31068,-4.25065,-0.557824,1.64696,-11.9791,0.293755,5.52575,-10.0703,-6.3129,-4.34232,19.1584,-8.92638,4.74289,7.98957,-4.12746,1.37956,-6.29899e-15,5.56597e-15,-39.5058,-6.85327,-79.1949,22.5075,10.5977,-9.69685,21.9413,7.12502,16.2756,-7.39562,-6.29899e-15,5.56597e-15,-38.6666,10.1432,80.9184,23.3124,-1.58255,-4.93336,18.6606,7.12502,20.8574,47.5594,-15.2091,15.2545,23.271,31.8397,-15.0943,-11.4299,20.3201,-24.9825,3.80472,-20.41,74.9213,5.94712,-0.386526,11.9539
-0.123297,16.0859,13.0143,0.525821,3.71582,1.00758,12.9826,0.381735,-6.3696,-4.20021,-0.443505,1.56825,-11.9084,0.344117,5.44346,-10.0362,-6.27119,-4.45064,19.2246,-8.87949,4.87022,8.01429,-4.10041,1.4443,1.38652e-14,1.98785e-16,-39.1625,-6.77865,-79.3341,22.8326,10.3198,-9.78928,21.8337,7.12502,16.1866,-7.5105,1.38652e-14,1.98785e-16,-38.6381,10.1798,80.8394,23.3864,-1.41929,-4.82408,18.8489,7.12502,20.9624,47.7361,-14.6782,15.2872,23.3878,31.7504,-15.3872,-11.52,19.9013,-26.0533,3.84853,-20.6379,74.6909,4.05452,-0.351774,11.2463
-0.122383,16.0867,13.1303,0.561695,3.71044,1.14415,13.1237,0.448845,-6.49675,-4.27673,-0.396565,1.48907,-12.0894,0.381798,5.42163,-10.0603,-6.49325,-4.44487,19.1995,-9.17116,4.79299,8.02133,-4.24556,1.38536,-6.27414e-15,-7.95139e-16,-39.0083,-6.50494,-79.4888,23.1259,10.0024,-9.83742,22.0842,7.12502,16.1402,-7.26371,-6.27414e-15,-7.95139e-16,-38.8682,10.0147,80.8792,23.5731,-0.979659,-5.03305,18.8887,7.12502,20.7617,47.798,-14.182,15.376,23.4067,31.7319,-15.6903,-11.6394,19.9523,-27.1358,3.87952,-20.9522,74.2762,2.3975,-0.32546,9.46241
-0.123423,16.0765,13.2404,0.604945,3.75747,1.14815,13.2632,0.500437,-6.50605,-4.30943,-0.345815,1.43256,-12.2187,0.409981,5.35549,-10.185,-6.52481,-4.37028,19.2677,-9.22766,4.79074,8.06565,-4.26354,1.36158,-6.03808e-15,-1.59028e-14,-38.6872,-6.18118,-79.7547,23.3479,9.5303,-9.90298,21.9301,7.12502,16.0771,-7.42296,-6.03808e-15,-1.59028e-14,-38.9965,9.91788,80.8571,23.7616,-0.81759,-5.03278,18.7752,7.12502,20.7619,47.6845,-13.6794,15.4872,23.5818,31.7078,-16.1915,-11.6769,20.8318,-28.2495,3.80968,-21.0898,73.7863,0.917078,-0.054175,8.88625
-0.122808,16.0659,13.3512,0.650156,3.8928,1.02521,13.2872,0.506194,-6.40213,-4.31989,-0.320713,1.43499,-12.2477,0.415368,5.29353,-9.96262,-6.52148,-4.5495,19.2251,-9.23236,4.96849,8.02928,-4.26692,1.45582,1.31695e-14,1.92821e-14,-38.3223,-5.77584,-80.0459,23.6999,9.06167,-9.71484,21.4546,7.12502,16.2582,-7.88376,1.31695e-14,1.92821e-14,-39.1269,10.1204,80.7121,23.9162,-1.03184,-4.9351,18.5115,7.12502,20.8558,47.4105,-13.1644,15.485,23.8857,31.5935,-16.816,-11.6719,21.5441,-29.32,3.59688,-21.0692,73.1356,-0.559561,0.210758,9.74816
-0.117869,16.0665,13.4723,0.703264,3.96043,1.02199,13.2498,0.55595,-6.39099,-4.33901,-0.255312,1.38564,-12.2565,0.443689,5.21629,-9.78782,-6.6789,-4.7143,19.1153,-9.45254,5.11834,7.98884,-4.37438,1.51377,2.37486e-14,-5.36719e-15,-38.0461,-5.38737,-80.3554,24.0441,8.42991,-9.76714,21.0814,7.12502,16.2079,-8.26108,2.37486e-14,-5.36719e-15,-39.3367,10.0611,80.6822,24.0907,-0.978594,-4.90223,18.441,7.12502,20.8873,47.3365,-12.5781,15.3015,24.0288,31.4281,-17.2496,-11.5777,20.8812,-30.1861,3.31389,-21.196,72.2028,-2.10852,0.478844,12.6276
-0.108183,16.0747,13.5932,0.838502,3.94197,1.08933,13.1681,0.615011,-6.42138,-4.36191,-0.182904,1.32844,-12.2442,0.477387,5.15174,-10.0181,-6.79973,-4.58557,19.2221,-9.60324,4.93534,8.05807,-4.4471,1.40761,-1.26725e-15,3.18055e-15,-37.6975,-4.8092,-80.6909,24.2153,7.75949,-10.0094,21.0253,7.12502,15.9746,-8.33603,-1.26725e-15,3.18055e-15,-39.4252,10.1322,80.6323,24.0907,-0.885423,-4.94015,18.5464,7.12502,20.8509,47.446,-12.0294,15.2094,24.0508,31.1947,-17.5813,-11.4287,20.8083,-31.0825,3.03364,-21.4222,71.0711,-3.5502,0.695033,13.326
-0.101213,16.0744,13.7092,0.952909,4.05697,1.2601,13.1534,0.63587,-6.57871,-4.35387,-0.1911,1.25055,-12.2268,0.48085,5.15626,-10.231,-6.83431,-4.47959,19.2874,-9.65493,4.87959,8.11265,-4.46353,1.35851,3.64024e-15,-5.56597e-15,-37.2164,-4.21783,-81.0674,24.274,7.18119,-10.4059,21.3103,7.12502,15.5927,-8.08123,3.64024e-15,-5.56597e-15,-39.3206,10.2487,80.5564,23.9592,-0.878735,-5.02708,18.3163,7.12502,20.7674,47.225,-11.4235,15.261,23.9933,30.9088,-18.0718,-11.3638,21.8567,-31.8947,2.61751,-21.6953,69.804,-4.91876,0.871034,12.1153
-0.0939489,16.066,13.8215,1.07775,4.16897,1.13038,13.1386,0.63354,-6.42671,-4.35108,-0.167092,1.23699,-12.2159,0.479152,5.04843,-10.3618,-6.89317,-4.36917,19.2954,-9.7346,4.79488,8.13282,-4.49835,1.29955,1.39646e-14,6.16232e-15,-36.7806,-3.87483,-81.3475,24.4566,7.02227,-10.5879,21.4289,7.12502,15.4175,-7.97617,1.39646e-14,6.16232e-15,-39.3251,10.204,80.5364,24.0846,-0.681865,-4.97922,18.1836,7.12502,20.8134,47.0873,-10.8741,15.3536,24.2686,30.5685,-18.3802,-11.7079,21.4895,-32.7215,2.18659,-21.5607,68.4636,-6.19712,0.89062,11.9797
-0.0857395,16.0671,13.9427,1.12559,4.21022,1.07635,13.1049,0.692355,-6.31326,-4.35422,-0.0704508,1.19046,-12.2109,0.513464,4.90876,-10.3074,-6.99636,-4.39555,19.2468,-9.87421,4.80763,8.11595,-4.56694,1.29468,2.97556e-15,1.08338e-14,-36.6142,-3.752,-81.4374,24.9539,6.81544,-10.1385,21.3287,7.12502,15.8502,-8.04255,2.97556e-15,1.08338e-14,-39.4737,10.158,80.4894,24.2095,-0.774266,-4.89066,18.0094,7.12502,20.8985,46.9037,-10.175,15.454,24.4822,30.1974,-18.7378,-12.0233,21.3762,-33.3143,1.70923,-21.486,66.8659,-7.16011,1.12999,11.6103
-0.0776704,16.074,14.0694,1.16479,4.2728,1.28473,13.065,0.740911,-6.53032,-4.33421,-0.0489533,1.12042,-12.1699,0.53475,4.94879,-10.1697,-7.05125,-4.56106,19.0738,-9.95304,4.99425,8.05639,-4.60409,1.37995,5.36719e-15,3.97569e-15,-36.3609,-3.53153,-81.566,25.3195,6.52989,-10.0217,21.2404,7.12502,15.9628,-8.12188,5.36719e-15,3.97569e-15,-39.6719,10.0189,80.564,24.5827,-0.632162,-4.64307,18.3237,7.12502,21.1363,47.1915,-9.34506,15.5084,24.4246,29.7361,-19.0296,-12.176,21.8555,-33.7393,1.17142,-21.6844,65.0685,-7.82647,1.59105,10.3019
-0.067702,16.0743,14.1872,1.23983,4.39524,1.27396,13.1573,0.730695,-6.51184,-4.36841,-0.0679818,1.11137,-12.2619,0.528392,4.93423,-10.0618,-7.09474,-4.66258,18.9266,-10.0113,5.0993,8.00217,-4.63376,1.42934,2.50034e-14,-2.28602e-15,-36.0614,-2.95107,-81.8773,25.5719,5.99215,-10.269,21.2056,7.12502,15.7246,-8.17557,2.50034e-14,-2.28602e-15,-39.8869,9.86458,80.6496,24.9801,-0.391461,-4.50908,18.7623,7.12502,21.265,47.6158,-8.54512,15.5705,24.5872,29.1386,-19.3132,-12.2038,22.3734,-34.2082,0.546915,-21.5801,63.1899,-8.2475,1.96372,10.0485
-0.054776,16.0686,14.3,1.31152,4.50068,1.00498,13.3023,0.701386,-6.16287,-4.44001,-0.0536129,1.12948,-12.4286,0.516956,4.75468,-10.0052,-7.15736,-4.61062,18.9039,-10.0951,5.03685,7.98274,-4.67734,1.39378,-1.43311e-14,2.88238e-15,-35.8073,-2.27282,-82.2828,25.8143,5.51394,-10.3587,21.1782,7.12502,15.6382,-8.20977,-1.43311e-14,2.88238e-15,-40.0646,9.69373,80.643,25.1836,-0.145068,-4.52504,19.117,7.12502,21.2497,47.9722,-7.73527,15.5632,25.0004,28.4135,-19.4483,-12.3045,21.9962,-34.6642,-0.125223,-21.121,61.237,-8.61974,2.07988,10.8772
-0.0450655,16.0711,14.4198,1.28174,4.60605,0.745177,13.4768,0.68393,-5.90376,-4.43814,-0.0358647,1.16999,-12.5306,0.510623,4.65014,-10.1063,-7.20355,-4.58873,18.9097,-10.1545,5.01152,8.00343,-4.70398,1.37157,-6.33316e-15,-6.95746e-16,-35.5757,-1.84696,-82.5418,26.1826,5.31419,-10.5864,21.5956,7.12502,15.4189,-7.80937,-6.33316e-15,-6.95746e-16,-40.1477,9.64584,80.614,25.1668,-0.109063,-4.64633,19.0264,7.12502,21.1332,47.8947,-6.66974,15.7363,25.4846,27.5265,-19.528,-12.7297,21.1305,-34.9141,-0.847211,-20.589,59.1015,-9.0848,2.08405,10.7489
-0.0367304,16.0752,14.5383,1.25752,4.74629,0.534683,13.6701,0.649059,-5.77671,-4.45082,-0.0626012,1.24529,-12.6573,0.496818,4.67101,-10.0999,-7.20942,-4.63166,18.8629,-10.1596,5.04822,7.99137,-4.70686,1.3905,-1.12438e-14,-6.75868e-15,-35.3174,-1.65652,-82.6595,26.4936,5.46083,-10.7496,21.8005,7.12502,15.2617,-7.61648,-1.12438e-14,-6.75868e-15,-40.3113,9.75207,80.5709,25.1926,-0.0451109,-4.7408,18.8145,7.12502,21.0424,47.6928,-5.46254,15.8469,25.9135,26.3457,-19.5397,-13.05,21.2727,-35.128,-1.61396,-20.0803,56.822,-9.3725,2.2449,9.3577
-0.0215344,16.0942,14.6628,1.34546,4.92617,0.661208,13.6649,0.619804,-5.88586,-4.45868,-0.126635,1.20991,-12.6562,0.473754,4.70935,-10.0476,-7.16866,-4.67852,18.8173,-10.1174,5.16469,7.97345,-4.68101,1.44304,-3.95706e-15,6.85807e-15,-34.9612,-1.33101,-82.85,26.634,5.19934,-10.5394,21.4464,7.12502,15.4641,-7.95505,-3.95706e-15,6.85807e-15,-40.475,9.72429,80.5845,25.3752,0.13922,-4.77888,18.5697,7.12502,21.0059,47.4521,-4.35109,15.8463,25.9063,25.2189,-19.6253,-13.3894,20.9115,-35.3272,-2.56554,-19.9354,54.3429,-9.00279,2.65896,8.72604
-0.0053719,16.1289,14.7918,1.4279,5.04254,0.816134,13.5766,0.617479,-5.98047,-4.41652,-0.148213,1.14727,-12.5522,0.462956,4.69672,-10.1077,-7.19374,-4.66259,18.8011,-10.1373,5.09836,7.97549,-4.69428,1.41466,1.91951e-15,5.1684e-15,-34.5769,-0.648427,-83.1897,26.8999,4.7047,-10.3345,20.7733,7.12502,15.6615,-8.61281,1.91951e-15,5.1684e-15,-40.5627,9.77659,80.5578,25.5482,0.0541964,-4.52467,18.7176,7.12502,21.2501,47.5727,-3.19908,15.9006,25.8615,24.0827,-19.8107,-13.6518,20.6385,-35.5766,-3.50943,-19.8112,51.769,-8.10502,3.4287,3.55514
0.0125211,16.1104,14.9119,1.53533,5.05642,0.711436,13.4913,0.631465,-5.80026,-4.3926,-0.0896262,1.1483,-12.4781,0.472985,4.57946,-10.3244,-7.33267,-4.77849,18.8966,-10.3074,5.09873,8.06183,-4.77631,1.40444,8.10048e-15,-8.24956e-15,-34.278,-0.290215,-83.347,27.4453,4.73939,-9.98676,20.1517,7.12502,15.9964,-9.20786,8.10048e-15,-8.24956e-15,-40.6084,9.77116,80.5947,25.5845,0.0828427,-4.59281,18.7764,7.12502,21.1846,47.6389,-2.22387,15.9317,26.0858,23.0169,-19.6433,-13.9272,19.6574,-35.2526,-4.50214,-19.1901,49.2425,-8.57039,2.90054,7.96356
0.0290481,16.1099,15.0266,1.68198,5.03391,0.644704,13.5056,0.625904,-5.73857,-4.42562,-0.0863001,1.15705,-12.5245,0.47256,4.55382,-10.1144,-7.3445,-4.80658,18.6572,-10.3205,5.14591,7.94938,-4.78883,1.43362,6.42944e-16,-1.42131e-14,-34.0327,0.304428,-83.6454,27.8041,4.43325,-10.3233,20.463,7.12502,15.6723,-8.92228,6.42944e-16,-1.42131e-14,-40.5506,9.83115,80.5742,25.3996,0.181465,-4.79879,18.9447,7.12502,20.9867,47.8292,-1.2401,16.0189,26.255,21.828,-19.3888,-14.2583,18.6859,-35.183,-5.55455,-18.5685,46.6934,-9.0732,2.50069,9.66708
0.0433421,16.1182,15.1433,1.7481,4.99719,0.530956,13.6414,0.616897,-5.74036,-4.48219,-0.099948,1.22918,-12.6708,0.476724,4.64131,-9.91768,-7.27335,-4.88963,18.5276,-10.2203,5.21574,7.87398,-4.74708,1.48961,9.9206e-15,-7.95139e-16,-33.8372,0.872894,-83.8853,28.0278,4.25498,-10.6285,20.7321,7.12502,15.3783,-8.67598,9.9206e-15,-7.95139e-16,-40.5649,9.94596,80.5483,25.2422,0.202471,-4.92847,19.0519,7.12502,20.8621,47.9502,-0.177196,16.2544,26.5414,20.6925,-19.2608,-14.6468,18.2942,-35.1664,-6.71367,-17.817,44.1959,-9.46365,2.6204,10.2754
0.0665377,16.1314,15.2793,1.8377,4.98202,0.550856,13.5511,0.620501,-5.70592,-4.53876,-0.0861259,1.21452,-12.6827,0.481425,4.60133,-10.2549,-7.29516,-4.9214,18.8795,-10.2429,5.15746,8.05122,-4.75204,1.45625,-1.78596e-15,-1.55052e-14,-33.6996,1.17631,-84.051,28.5231,3.97905,-9.69482,19.3318,7.12502,16.2775,-10.0049,-1.78596e-15,-1.55052e-14,-40.7898,10.0219,80.4623,25.2966,0.10738,-4.80772,19.0633,7.12502,20.9781,47.9488,1.16898,16.2381,26.6075,19.1693,-19.0298,-14.8137,17.2143,-34.963,-8.00377,-17.2221,41.6776,-9.82596,3.21662,8.4359
0.0902934,16.1444,15.4169,1.98191,4.94337,0.632008,13.2879,0.617043,-5.73384,-4.51827,-0.0827589,1.1852,-12.5002,0.476644,4.57972,-10.5138,-7.31262,-4.87303,18.9979,-10.2605,5.09516,8.1322,-4.75505,1.4151,2.44257e-14,-8.94531e-16,-33.3788,1.39001,-84.1259,28.4345,4.42053,-9.71694,19.9762,7.12502,16.2562,-9.3623,2.44257e-14,-8.94531e-16,-40.9449,10.1108,80.3835,25.344,0.0122727,-4.6143,19.0327,7.12502,21.164,47.8975,2.59748,16.1949,26.5719,17.3982,-18.6627,-14.954,16.2458,-34.8042,-9.30827,-16.6553,39.2005,-10.1678,4.09259,4.46738
0.113828,16.155,15.5487,2.11641,4.91001,0.646892,13.0836,0.613938,-5.7274,-4.4867,-0.0707692,1.19922,-12.3416,0.476093,4.58561,-10.4917,-7.29625,-4.9505,18.9001,-10.232,5.1638,8.10209,-4.74243,1.45498,1.20886e-14,9.54166e-15,-33.0214,1.76299,-84.2624,28.4671,4.30987,-9.88374,20.4834,7.12502,16.0956,-8.86816,1.20886e-14,9.54166e-15,-41.0224,10.3521,80.286,25.2492,-0.333478,-4.51039,18.9935,7.12502,21.2638,47.8471,4.13516,16.1845,26.6081,15.3796,-18.1905,-15.1195,15.549,-34.7538,-10.7632,-15.8869,36.8502,-10.3171,5.18709,1.61359
0.140491,16.1654,15.6825,2.28285,4.78592,0.690295,12.9149,0.660104,-5.72152,-4.53988,-0.00190313,1.16846,-12.3094,0.506647,4.53034,-10.561,-7.27076,-4.94264,18.8983,-10.1902,5.14138,8.10999,-4.72266,1.44865,8.26199e-15,-8.94531e-16,-32.9234,2.22173,-84.483,28.7477,3.88063,-9.63457,20.2999,7.12502,16.3355,-9.03214,8.26199e-15,-8.94531e-16,-41.1486,10.4307,80.2059,25.0894,-0.447611,-4.53153,18.8256,7.12502,21.2435,47.6814,5.73739,16.3168,26.6041,13.1959,-17.6652,-15.2815,14.6323,-34.7752,-12.3952,-15.0119,34.695,-10.5422,6.51489,-0.105429
0.166059,16.1698,15.8148,2.33979,4.53551,0.536473,12.7789,0.733994,-5.58689,-4.56333,0.13466,1.21321,-12.2695,0.562023,4.47028,-10.3716,-7.2386,-4.81206,18.7086,-10.1442,5.04417,7.99769,-4.70823,1.41099,-5.55355e-15,-1.5704e-14,-32.9216,2.55418,-84.6615,29.1193,3.59031,-9.88453,20.1412,7.12502,16.0948,-9.21045,-5.55355e-15,-1.5704e-14,-41.2936,10.3897,80.2022,24.9931,-0.345475,-4.63764,18.6783,7.12502,21.1415,47.5456,7.51028,16.5342,26.8495,10.8496,-17.0159,-15.4167,13.6535,-34.7974,-14.058,-13.844,32.7998,-10.8165,8.09816,0.465825
0.1864,16.1756,15.9408,2.42555,4.35381,0.453665,12.6856,0.780875,-5.56743,-4.58717,0.208969,1.23602,-12.2497,0.596675,4.46663,-10.068,-7.22068,-4.75664,18.5447,-10.1327,5.05599,7.88581,-4.70724,1.42077,1.11071e-14,-1.04362e-14,-32.8831,3.0269,-84.9098,29.3859,3.31442,-10.6244,20.5028,7.12502,15.3823,-8.90496,1.11071e-14,-1.04362e-14,-41.4321,10.4229,80.0936,24.9848,-0.421075,-4.424,18.8326,7.12502,21.3468,47.6768,9.34449,16.3955,26.9759,8.26928,-16.1252,-15.305,12.526,-34.9206,-15.6654,-12.7724,31.1544,-11.2999,9.78605,0.752896
0.215602,16.1794,16.072,2.58509,4.24763,0.548946,12.5392,0.782747,-5.61569,-4.59561,0.208867,1.21272,-12.1714,0.596781,4.46697,-10.1783,-7.26336,-4.85746,18.6176,-10.1823,5.09428,7.94002,-4.73055,1.43848,-6.22134e-15,-1.88845e-15,-32.668,3.49202,-85.138,29.4288,3.2318,-10.3805,20.5091,7.12502,15.6172,-8.88046,-6.22134e-15,-1.88845e-15,-41.4836,10.6775,79.9886,24.8399,-0.656066,-4.51769,19.1212,7.12502,21.2568,47.9756,11.7156,16.19,26.8259,4.71106,-14.7862,-15.3209,10.7811,-35.0789,-17.2172,-11.9764,29.8183,-12.335,11.2397,3.02222
0.250841,16.178,16.2083,2.6849,3.96553,0.719299,12.4789,0.85558,-5.73266,-4.66546,0.281506,1.15041,-12.2261,0.640608,4.44788,-10.2363,-7.319,-4.83114,18.7747,-10.2588,5.02707,8.00164,-4.76755,1.39974,-3.5129e-15,-1.0138e-14,-32.7149,3.73315,-85.3102,29.6596,3.44053,-9.77399,19.8765,7.12502,16.2013,-9.46651,-3.5129e-15,-1.0138e-14,-41.5664,10.8292,79.8366,24.4058,-0.704401,-4.61801,18.7111,7.12502,21.1604,47.5763,14.8174,16.1507,26.5865,-3.18055e-15,-12.9774,-15.3492,8.45864,-35.1683,-18.7144,-11.2626,28.7204,-12.9712,12.6679,4.16025
0.282137,16.1726,16.3434,2.74842,3.69446,0.720548,12.4046,0.937008,-5.73582,-4.71052,0.392088,1.13105,-12.2468,0.693909,4.40265,-10.2777,-7.31871,-4.73331,18.8996,-10.2721,4.97522,8.04309,-4.76901,1.36287,2.20527e-15,4.37326e-15,-32.759,3.82364,-85.4482,29.825,3.66222,-9.80627,19.8636,7.12502,16.1702,-9.4819,2.20527e-15,4.37326e-15,-41.6424,10.8186,79.7487,24.1306,-0.821991,-4.58376,18.545,7.12502,21.1933,47.4065,15.2702,16.102,26.5579,-3.81667e-14,-13.4412,-14.9858,7.67048,-35.4173,-20.0159,-10.4032,27.833,-13.2112,14.0556,3.05001
0.310587,16.1643,16.4752,2.83659,3.42664,0.617972,12.3245,1.00616,-5.65433,-4.71639,0.505518,1.14176,-12.2175,0.740851,4.34178,-10.4076,-7.30799,-4.61838,18.8811,-10.2631,4.93117,8.05104,-4.75836,1.32676,4.91371e-15,7.55382e-15,-32.5778,4.09386,-85.6344,29.8771,3.31028,-9.85662,20.0818,7.12502,16.1217,-9.26769,4.91371e-15,7.55382e-15,-41.6441,11.0007,79.5712,24.0301,-1.08548,-4.42237,18.8502,7.12502,21.3483,47.6942,15.6737,16.0542,26.6453,2.22639e-14,-13.7339,-14.7271,7.38137,-35.7254,-21.2667,-9.45497,27.0969,-14.7435,15.3173,4.01669
0.343831,16.1495,16.6063,2.88749,3.16572,0.617339,12.3529,1.05731,-5.65192,-4.7673,0.574852,1.16585,-12.3023,0.778648,4.35165,-10.3286,-7.30895,-4.75585,18.8518,-10.2571,5.00999,8.03872,-4.76001,1.37806,-2.6867e-15,-1.60022e-14,-32.5615,4.43072,-85.7872,30.0622,2.83538,-9.58405,19.9998,7.12502,16.3842,-9.32818,-2.6867e-15,-1.60022e-14,-41.8657,11.0001,79.5381,23.9879,-1.05596,-4.39448,19.2599,7.12502,21.3751,48.1009,16.1651,15.9926,26.626,1.27222e-14,-13.958,-14.614,5.82142,-36.0203,-22.9201,-8.51445,26.5267,-15.2559,16.8999,3.14542
0.380749,16.1319,16.7407,2.9025,2.91715,0.664452,12.3104,1.10249,-5.61628,-4.76121,0.64329,1.15393,-12.2769,0.806578,4.30226,-10.473,-7.31842,-4.84883,19.0185,-10.2581,5.00753,8.12536,-4.76126,1.38424,3.07806e-15,1.17283e-14,-32.4458,4.4181,-85.8415,30.0792,2.97311,-9.38868,19.8735,7.12502,16.5723,-9.43892,3.07806e-15,1.17283e-14,-41.9528,11.3424,79.3189,23.7156,-1.42204,-4.34736,19.3099,7.12502,21.4204,48.1458,16.6832,15.9163,26.5462,-2.8625e-14,-13.9745,-14.554,3.43919,-36.2339,-24.3012,-7.78906,26.0885,-16.2617,17.7333,4.50001
0.414749,16.1113,16.8746,2.8388,2.65566,0.592996,12.2753,1.15731,-5.55518,-4.65394,0.736267,1.19123,-12.143,0.8409,4.28706,-10.6512,-7.35316,-4.80076,19.0459,-10.2858,4.8928,8.15904,-4.77738,1.3289,4.0285e-15,2.98177e-16,-32.1499,4.46068,-85.9021,29.904,3.19397,-9.63079,20.1481,7.12502,16.3392,-9.18357,4.0285e-15,2.98177e-16,-41.8566,11.7405,79.1114,23.3982,-1.78594,-4.41736,18.7624,7.12502,21.3531,47.6059,17.2663,15.8509,26.6026,0,-14.1441,-14.2816,2.86702,-36.2112,-24.7467,-7.42154,25.8081,-16.7653,17.7511,5.15942
0.452108,16.0885,17.0125,2.80253,2.37627,0.579169,12.2844,1.21399,-5.50424,-4.71664,0.816468,1.16269,-12.2282,0.877446,4.20829,-10.1143,-7.26769,-4.68813,18.7697,-10.1934,4.90601,7.95999,-4.74109,1.34995,-1.66172e-15,-5.76476e-15,-32.2597,4.64776,-86.1176,29.8227,3.01234,-9.69958,20.51,7.12502,16.2729,-8.82714,-1.66172e-15,-5.76476e-15,-42.1575,11.7079,78.9604,23.3445,-1.79259,-4.55451,18.5167,7.12502,21.2214,47.375,17.8924,15.8071,26.5737,1.59028e-14,-14.51,-13.9353,3.11036,-36.0792,-24.7892,-7.40757,25.6716,-16.6739,17.6217,4.22025
0.493738,16.0663,17.1516,2.796,2.04734,0.602554,12.3524,1.27092,-5.46538,-4.9594,0.886901,1.12367,-12.5557,0.921064,4.12707,-9.23184,-7.10122,-4.49839,18.5292,-9.99991,4.84259,7.69846,-4.66529,1.35709,1.39895e-14,-1.46107e-14,-32.7434,5.18079,-86.4889,29.866,2.41336,-9.4902,20.2822,7.12502,16.4745,-9.03832,1.39895e-14,-1.46107e-14,-42.9199,11.6125,78.7108,23.4737,-1.81475,-4.53599,18.5451,7.12502,21.2392,47.4014,18.4543,15.8252,26.4485,-3.18055e-15,-14.7312,-13.6119,3.56043,-35.872,-24.4412,-7.67888,25.6807,-15.9969,17.2701,2.5886
0.538135,16.0421,17.2881,2.79486,1.80585,0.678933,12.4071,1.27778,-5.47203,-5.1136,0.884985,1.09149,-12.7668,0.928803,4.09571,-8.41329,-6.89593,-4.48588,18.0179,-9.75961,5.06903,7.38363,-4.5558,1.4895,1.20451e-14,2.09718e-14,-33.1184,5.46551,-86.757,29.965,2.32244,-9.58388,20.1656,7.12502,16.3843,-9.16234,1.20451e-14,2.09718e-14,-43.4483,11.6269,78.5056,23.5536,-1.87914,-4.3937,18.7913,7.12502,21.3759,47.6322,19.0092,15.7589,26.2533,-3.81667e-14,-14.7932,-13.3086,3.78589,-35.5009,-23.5042,-8.35734,25.7237,-15.0326,16.1874,1.57739
0.580743,16.0096,17.4322,2.63216,1.61163,0.803605,12.441,1.30631,-5.6002,-5.07262,0.900504,1.10014,-12.7463,0.945603,4.17444,-8.72264,-6.94737,-4.40232,18.4573,-9.79827,4.75038,7.56364,-4.58327,1.35326,-1.28589e-14,2.25621e-14,-33.2686,5.37624,-86.7663,30.0748,2.56752,-9.53156,20.1859,7.12502,16.4347,-9.13795,-1.28589e-14,2.25621e-14,-43.6608,11.6499,78.4752,23.5687,-1.78962,-4.31217,19.1475,7.12502,21.4542,47.9795,19.8059,15.6199,26.0857,9.54166e-15,-14.8039,-13.0107,2.80037,-34.8634,-22.2237,-9.37233,25.7955,-13.8406,14.7312,1.42418
0.620629,15.9785,17.5802,2.47114,1.29823,0.880039,12.4874,1.39199,-5.68965,-4.98028,1.00002,1.10675,-12.6833,0.996017,4.20896,-9.00019,-7.06033,-4.55485,18.5488,-9.94293,4.83182,7.66299,-4.64818,1.37696,2.90909e-14,4.96962e-15,-33.3719,5.41404,-86.8131,30.2731,2.49958,-9.38156,20.2539,7.12502,16.5791,-9.0579,2.90909e-14,4.96962e-15,-43.5918,11.9814,78.279,23.1042,-2.15893,-4.54844,18.6736,7.12502,21.2272,47.5313,20.5572,15.6046,25.958,3.18055e-15,-14.7284,-12.738,1.57312,-34.2165,-21.0674,-10.2636,25.9043,-12.4064,13.6899,-0.00346112
0.664881,15.951,17.7247,2.39691,1.10125,0.787931,12.5248,1.41346,-5.57493,-4.95356,1.05442,1.16426,-12.6794,1.01459,4.19473,-9.08163,-7.0273,-4.57335,18.6005,-9.89204,4.81916,7.69224,-4.62387,1.3775,1.68097e-14,-6.16232e-15,-33.3964,5.56835,-86.9027,30.2077,2.46858,-9.57056,20.5052,7.12502,16.3972,-8.82171,1.68097e-14,-6.16232e-15,-43.6382,12.2223,78.1331,22.7802,-2.48004,-4.55485,18.4712,7.12502,21.2211,47.3296,21.1708,15.5001,25.9394,-1.27222e-14,-14.5754,-12.4701,0.397136,-33.7704,-20.2158,-10.814,26.1075,-11.0519,12.6194,-1.0101
0.71341,15.9269,17.8726,2.36615,0.959526,0.730069,12.4055,1.36386,-5.49573,-4.94893,1.01462,1.2155,-12.595,0.98958,4.21646,-9.16062,-6.90484,-4.36755,18.7891,-9.71954,4.59156,7.73707,-4.54381,1.28448,1.18525e-14,3.37934e-15,-33.468,5.9865,-87.0878,30.117,2.43648,-9.52154,20.2704,7.12502,16.4443,-9.05259,1.18525e-14,3.37934e-15,-43.7777,12.4382,77.9939,22.5846,-2.57789,-4.55329,18.8178,7.12502,21.2226,47.676,21.7821,15.3478,25.8628,-1.27222e-14,-14.2904,-12.2578,-0.725757,-33.4802,-19.6372,-11.2437,26.3959,-9.99794,11.3997,0.819657
0.761322,15.908,18.0293,2.28732,0.791821,0.795109,12.2023,1.36129,-5.55244,-4.91707,1.0154,1.23039,-12.4371,0.989947,4.26558,-9.43166,-6.93943,-4.30945,19.1303,-9.76394,4.46647,7.89118,-4.56177,1.21576,-4.24902e-15,-9.93923e-16,-33.5839,6.16358,-87.1976,29.9917,2.48304,-9.58452,20.1151,7.12502,16.3837,-9.21291,-4.24902e-15,-9.93923e-16,-43.9336,12.468,77.9366,22.443,-2.64367,-4.42206,18.9655,7.12502,21.3486,47.8095,22.5029,15.2105,25.6843,2.22639e-14,-13.9237,-11.9727,-1.67426,-33.1978,-19.4271,-11.6659,26.7479,-9.0203,10.3711,7.44549
0.812126,15.893,18.1864,2.15915,0.650004,1.00529,12.1408,1.37089,-5.7276,-4.88176,1.00433,1.24778,-12.3643,0.996678,4.38722,-9.51298,-6.96729,-4.41664,19.2838,-9.79246,4.47229,7.96411,-4.57845,1.22655,6.5102e-15,-3.37934e-15,-33.7376,6.40701,-87.2066,29.9184,2.34341,-9.62423,20.3865,7.12502,16.3455,-8.94472,6.5102e-15,-3.37934e-15,-44.0668,12.716,77.8616,22.2013,-2.92215,-4.48947,18.5814,7.12502,21.2839,47.4327,23.2818,15.044,25.3544,-1.90833e-14,-13.4719,-11.8062,-2.8634,-32.8622,-19.2651,-12.2687,27.2054,-8.8091,9.26702,20.4863
0.866018,15.8755,18.3393,2.0085,0.600666,1.25273,12.2576,1.35483,-5.87501,-4.87786,0.947439,1.22647,-12.428,0.982367,4.46036,-9.4063,-6.94571,-4.33503,19.2822,-9.75781,4.36221,7.9326,-4.56876,1.1856,-3.10601e-15,-3.18055e-15,-33.8879,6.73389,-87.2725,29.8031,2.11223,-9.44488,20.5501,7.12502,16.5182,-8.76675,-3.10601e-15,-3.18055e-15,-44.1604,12.7664,77.8708,21.9827,-2.93695,-4.70059,18.2683,7.12502,21.0811,47.1424,24.0342,14.7927,24.9661,6.04305e-14,-12.914,-11.6299,-4.21934,-32.5492,-19.0658,-12.921,27.702,-8.79562,8.29834,30.5685
0.916102,15.8589,18.4922,1.85496,0.523068,1.23799,12.3814,1.34251,-5.82061,-4.87205,0.937894,1.2712,-12.4945,0.97781,4.48121,-9.95991,-7.01201,-4.10874,19.8494,-9.81852,3.95087,8.19076,-4.60071,0.980866,7.7526e-15,1.43125e-14,-33.9602,6.54405,-87.1885,29.5051,2.45909,-9.18943,20.5148,7.12502,16.7641,-8.78149,7.7526e-15,1.43125e-14,-44.2008,12.9409,77.7553,21.6308,-3.00248,-4.9438,18.2547,7.12502,20.8474,47.1546,20.9667,14.5533,24.8738,6.68793,-15.154,-11.0908,-6.29224,-32.2074,-18.5156,-13.3888,28.2401,-8.27456,7.84748,33.3666
0.964983,15.8485,18.6448,1.73632,0.499683,1.53457,12.3276,1.31093,-6.09754,-4.78593,0.84955,1.24989,-12.3595,0.950602,4.63554,-9.8426,-6.97499,-4.16061,19.6371,-9.75617,3.98223,8.10012,-4.57746,1.01354,-4.57205e-15,4.96962e-15,-33.8339,6.32983,-87.0801,28.9907,2.94893,-9.26687,20.5688,7.12502,16.6895,-8.73376,-4.57205e-15,4.96962e-15,-44.1889,13.3283,77.549,21.3504,-3.38738,-4.68856,18.3969,7.12502,21.0926,47.2696,19.4617,14.2722,24.3982,10.4931,-16.1494,-10.5747,-7.10434,-31.7198,-17.6183,-14.3542,28.7044,-7.50482,7.39879,33.5433
1.01944,15.8419,18.7973,1.72246,0.620846,1.99622,12.2227,1.25486,-6.38575,-4.78193,0.718229,1.13887,-12.2801,0.902807,4.70635,-9.86751,-7.00265,-4.34515,19.6784,-9.80429,4.17253,8.14054,-4.59448,1.09793,-3.3048e-15,7.95139e-15,-33.9704,6.19586,-87.0303,28.7012,3.28322,-9.36333,20.5041,7.12502,16.5967,-8.80626,-3.3048e-15,7.95139e-15,-44.2307,13.3107,77.538,21.2895,-3.61335,-4.22405,18.7998,7.12502,21.5388,47.6221,18.1248,13.4692,23.4862,13.7489,-16.4753,-9.67723,-7.4788,-31.377,-16.6252,-15.534,29.1816,-6.40689,6.7777,32.7907
1.07226,15.8352,18.9455,1.6878,0.801238,2.49372,12.3277,1.1987,-6.68459,-4.88929,0.563989,0.999906,-12.4525,0.855549,4.75791,-9.92326,-7.12741,-4.53488,19.8942,-9.96683,4.22349,8.2437,-4.67633,1.12134,-1.18028e-14,-1.55052e-14,-34.3964,5.70907,-86.9129,28.5553,3.78232,-9.48664,20.5598,7.12502,16.478,-8.76043,-1.18028e-14,-1.55052e-14,-44.3084,13.6774,77.1642,20.8409,-4.3272,-4.0793,18.894,7.12502,21.6778,47.7004,16.8815,12.4503,22.4949,16.8306,-16.387,-8.94336,-10.183,-30.9785,-15.8099,-16.658,29.5283,-5.65745,5.92276,35.7107
1.12339,15.8282,19.0942,1.59868,0.950279,2.67136,12.3915,1.14968,-6.69228,-4.92507,0.488499,0.980451,-12.5219,0.823034,4.75847,-9.62597,-7.10901,-4.60678,19.8122,-9.91817,4.14681,8.15978,-4.67304,1.1255,1.43622e-14,-1.07344e-14,-34.7576,4.87567,-86.5724,28.2918,4.63816,-9.66464,20.874,7.12502,16.3066,-8.46034,1.43622e-14,-1.07344e-14,-44.2872,14.1188,76.8474,20.3577,-5.03528,-3.99486,18.9358,7.12502,21.7589,47.7328,15.788,11.4992,21.8702,19.6982,-16.0774,-8.25008,-12.5477,-30.5764,-15.1091,-17.3769,29.9023,-4.86333,5.23157,37.2433
1.18026,15.8246,19.2462,1.55293,1.09282,3.01528,12.2697,1.09012,-6.79263,-4.90629,0.38955,0.887874,-12.4134,0.774917,4.73463,-9.35978,-7.01387,-4.53088,19.7433,-9.77988,4.02991,8.07171,-4.61919,1.10168,4.99446e-15,-1.39149e-14,-35.1147,4.15253,-86.2972,28.1038,5.4007,-9.79906,20.8724,7.12502,16.1771,-8.47257,4.99446e-15,-1.39149e-14,-44.1256,14.28,76.7065,19.8733,-5.43692,-3.94868,18.7633,7.12502,21.8032,47.5552,14.7354,10.493,20.941,22.4184,-15.4312,-7.36781,-14.1099,-30.2984,-14.5572,-18.3144,30.3661,-3.95114,4.80887,35.6574
1.23388,15.8181,19.3969,1.56369,1.23811,3.18774,12.1269,1.02223,-6.73962,-4.95528,0.308833,0.820948,-12.3695,0.728648,4.64789,-8.98254,-6.97161,-4.4444,19.5882,-9.72854,3.96918,7.94185,-4.60374,1.09016,2.48481e-16,1.98785e-15,-35.6213,3.37433,-86.0202,27.9095,6.22706,-9.95175,20.9836,7.12502,16.0301,-8.37322,2.48481e-16,1.98785e-15,-44.0983,14.5044,76.4511,19.5446,-6.03174,-4.00478,18.9925,7.12502,21.7494,47.7905,13.6565,9.4444,20.17,24.9895,-14.2289,-6.61954,-17.0762,-30.1365,-13.9954,-19.0617,31.0176,-3.07738,4.25355,33.3763
1.28264,15.8153,19.547,1.50068,1.27238,3.01026,12.0183,0.956947,-6.4611,-4.9277,0.289622,0.925396,-12.2635,0.698164,4.60921,-8.82919,-6.95148,-4.46516,19.4784,-9.67724,3.87571,7.87167,-4.59382,1.07584,2.31087e-15,7.15625e-15,-35.8963,2.59705,-85.6313,27.555,7.16,-10.7858,21.6621,7.12502,15.2268,-7.75754,2.31087e-15,7.15625e-15,-44.0067,15.0213,76.1897,19.187,-6.57225,-4.13711,18.9152,7.12502,21.6223,47.728,12.5015,8.60301,19.8526,27.608,-12.8896,-5.83454,-17.2813,-29.8166,-13.3529,-19.3515,31.6683,-2.72848,3.49741,35.4273
1.33393,15.8189,19.7006,1.32299,1.35104,2.97047,11.8741,0.900745,-6.2477,-4.78179,0.268666,0.962687,-12.001,0.66016,4.53213,-8.93142,-6.94718,-4.39246,19.4649,-9.64586,3.71811,7.87218,-4.58632,1.01292,-2.5345e-15,1.94809e-14,-36.0913,1.92938,-85.3199,27.2902,7.6698,-11.8761,22.4584,7.12502,14.1764,-7.03784,-2.5345e-15,1.94809e-14,-43.6592,15.762,75.7382,18.519,-7.52433,-4.23839,18.307,7.12502,21.525,47.1309,11.4383,7.77354,19.3805,30.287,-11.5912,-4.89703,-13.094,-29.3384,-12.8849,-19.8353,32.3121,-2.61099,2.93371,34.0464
1.38689,15.8304,19.8521,1.1423,1.44641,3.20349,11.8592,0.888161,-6.18275,-4.68685,0.252972,0.842785,-11.8783,0.63493,4.36538,-9.05377,-6.98932,-4.32383,19.5564,-9.69652,3.62329,7.91828,-4.61076,0.960047,1.30452e-14,-3.18055e-15,-36.3634,1.17416,-85.0406,27.0426,7.97563,-12.22,22.7829,7.12502,13.845,-6.73634,1.30452e-14,-3.18055e-15,-43.3149,15.9185,75.5672,18.203,-7.97885,-4.1295,18.209,7.12502,21.6296,47.0209,10.1992,6.87866,18.5533,33.0594,-9.86543,-4.08931,-10.2634,-28.7998,-12.6873,-20.5743,32.7989,-2.69641,2.64151,31.4399
1.43829,15.8428,19.9929,0.964347,1.41634,3.18628,12.181,0.857116,-6.02638,-4.8291,0.217897,0.895065,-12.229,0.624328,4.34509,-8.71711,-6.9579,-4.48358,19.5493,-9.63771,3.61502,7.86083,-4.60161,1.00164,1.11816e-15,-1.07344e-14,-37.1065,0.821395,-84.798,26.9969,7.96476,-11.3208,22.0807,7.12502,14.7115,-7.37728,1.11816e-15,-1.07344e-14,-43.5736,15.6446,75.7418,18.3983,-7.72632,-4.07481,18.7971,7.12502,21.6821,47.603,8.66408,6.09608,18.0314,35.8946,-7.59556,-3.95033,-10.6985,-28.2602,-12.593,-20.968,33.0895,-2.85206,2.63247,27.5355
1.49159,15.8512,20.1324,0.856125,1.39818,3.34057,12.2692,0.778811,-6.11971,-4.89146,0.0989488,0.986384,-12.3418,0.585819,4.52771,-8.59468,-6.85342,-4.59929,19.6434,-9.44294,3.41827,7.85747,-4.53675,0.979736,1.4064e-14,1.43125e-14,-37.6734,0.727709,-84.5497,26.8627,7.9191,-10.5874,21.6357,7.12502,15.4179,-7.76929,1.4064e-14,1.43125e-14,-43.7766,15.5081,76.0468,18.6715,-7.42166,-3.96886,19.2232,7.12502,21.7839,48.0173,7.05779,5.28319,17.2958,38.7966,-5.19952,-4.04101,-12.0733,-27.6532,-12.652,-21.5277,33.2174,-3.1354,2.75551,25.6613
1.54512,15.8645,20.277,0.762044,1.3434,3.65653,12.1883,0.787242,-6.31125,-4.82214,0.0840323,0.982071,-12.2146,0.58745,4.63397,-8.69403,-6.8137,-4.51883,19.7572,-9.3376,3.10781,7.88897,-4.50644,0.871937,3.55328e-15,-3.57812e-15,-37.8917,0.146366,-84.0793,26.5408,8.44475,-11.3019,22.845,7.12502,14.7296,-6.61171,3.55328e-15,-3.57812e-15,-43.5828,15.5324,76.2725,18.7355,-7.57111,-3.72187,19.4217,7.12502,22.021,48.1881,5.54571,4.67528,16.4793,41.7007,-2.91337,-4.1276,-13.5978,-26.8944,-12.7619,-22.2716,33.2456,-3.43734,2.97048,25.7608
1.59385,15.8784,20.4101,0.689001,1.25712,3.71954,12.228,0.789397,-6.28457,-4.78955,0.0975581,1.05107,-12.203,0.594077,4.69251,-8.63458,-6.77289,-4.49098,19.7376,-9.24182,2.89169,7.85576,-4.47985,0.809918,-3.27995e-15,-4.37326e-15,-38.1387,-0.181804,-83.7539,26.2841,8.33391,-11.4663,23.2857,7.12502,14.5712,-6.18247,-3.27995e-15,-4.37326e-15,-43.2744,15.5282,76.5355,18.7066,-7.59764,-3.60793,19.7857,7.12502,22.1304,48.5392,3.88915,4.3488,16.0602,44.6362,-0.641274,-4.19709,-13.6494,-26.1913,-12.9106,-22.6573,33.1229,-3.6548,3.30348,26.688
1.63815,15.8943,20.5412,0.572876,1.10367,3.86185,12.3785,0.802822,-6.37247,-4.76387,0.0923604,1.06661,-12.2658,0.601068,4.76236,-8.6343,-6.69239,-4.38952,19.716,-9.12421,2.78626,7.8335,-4.42655,0.772169,-1.44119e-14,-3.97569e-15,-38.4167,-0.543379,-83.5519,26.0202,7.86432,-10.2285,22.3671,7.12502,15.7636,-7.01094,-1.44119e-14,-3.97569e-15,-43.0464,15.5774,76.5731,18.6932,-7.73077,-3.38562,19.6925,7.12502,22.3438,48.4204,2.18404,4.06525,15.545,47.5638,1.76471,-4.18141,-13.6237,-25.3793,-12.9373,-23.1581,32.8351,-3.7324,3.66126,24.0606
1.685,15.9115,20.6784,0.510957,0.854413,4.33976,12.4444,0.866063,-6.715,-4.75658,0.101577,0.96722,-12.3048,0.62869,4.84535,-8.89245,-6.66005,-4.50534,19.9871,-9.0795,2.86947,7.9781,-4.39969,0.808593,-2.33572e-15,-3.18055e-15,-38.6762,-0.871465,-83.3404,25.7513,7.63885,-9.55909,21.6337,7.12502,16.4082,-7.69229,-2.33572e-15,-3.18055e-15,-42.8474,15.0716,76.9918,18.8522,-7.08768,-3.4704,19.368,7.12502,22.2625,48.1057,0.391054,3.83328,14.5967,50.4763,4.25439,-4.37714,-10.7298,-24.4552,-12.9004,-24.0472,32.4396,-3.92623,3.99955,21.3704
1.73217,15.9269,20.8185,0.446873,0.584459,4.85465,12.4253,0.949519,-7.06761,-4.73963,0.140952,0.852249,-12.2859,0.668012,4.90873,-8.92497,-6.64604,-4.57685,20.0265,-9.03742,2.81694,7.99651,-4.38905,0.805459,7.30534e-15,-2.06736e-14,-38.9679,-1.1321,-83.1126,25.5427,7.47013,-9.53414,21.5432,7.12502,16.4322,-7.78081,7.30534e-15,-2.06736e-14,-42.626,14.5847,77.4155,18.9786,-6.47887,-3.82569,19.0142,7.12502,21.9213,47.7922,-1.3644,3.59851,13.617,53.3077,7.03376,-4.872,-7.23515,-23.3712,-12.9092,-24.9484,31.9413,-4.45583,4.21825,21.469
1.77086,15.9412,20.9533,0.327335,0.351676,5.15807,12.4779,1.02502,-7.26201,-4.74621,0.192395,0.751203,-12.3364,0.704592,4.89536,-8.89349,-6.67319,-4.45961,20.1194,-9.07006,2.66993,8.0101,-4.40964,0.735321,-3.47873e-15,3.97569e-15,-39.412,-1.58207,-82.9076,25.4175,7.55807,-9.44206,21.5987,7.12502,16.5209,-7.71795,-3.47873e-15,3.97569e-15,-42.465,14.1911,77.609,19.2222,-6.28746,-4.00202,18.4997,7.12502,21.752,47.2975,-3.08337,3.35762,12.9715,56.0293,9.74528,-5.65958,-2.86777,-22.2756,-12.838,-25.5841,31.3826,-4.84804,4.3584,21.5113
1.80451,15.9545,21.084,0.193436,0.130279,5.50656,12.5976,1.08399,-7.58549,-4.74557,0.195444,0.672923,-12.4158,0.730866,4.99215,-8.76862,-6.6003,-4.38219,20.0589,-8.97031,2.60172,7.95638,-4.36556,0.716764,-2.08724e-15,-2.38542e-15,-39.706,-2.30645,-82.5321,25.1368,8.14582,-9.17778,21.7511,7.12502,16.7753,-7.54416,-2.08724e-15,-2.38542e-15,-42.4221,13.5477,77.9814,19.8684,-5.62347,-3.79807,18.4877,7.12502,21.9479,47.2626,-4.83294,3.11742,12.3376,58.6449,12.5265,-6.8943,2.62156,-21.2211,-12.76,-26.242,30.8027,-5.13155,4.53002,20.7195
1.83593,15.965,21.2165,0.094574,-0.0776974,5.9372,12.7012,1.13369,-7.93427,-4.7413,0.176781,0.549476,-12.4784,0.74586,5.05756,-8.74477,-6.56007,-4.4422,20.0761,-8.92094,2.67022,7.96211,-4.34056,0.754287,1.77912e-14,7.95139e-15,-39.9707,-2.73082,-82.3439,24.9655,8.31095,-8.94016,21.7967,7.12502,17.004,-7.47907,1.77912e-14,7.95139e-15,-42.3317,12.9005,78.3242,20.3896,-4.91402,-3.82229,18.8773,7.12502,21.9246,47.655,-6.5564,2.96128,11.6437,61.135,15.1343,-9.16147,10.1041,-20.1708,-12.6228,-26.9829,30.2516,-5.45707,4.57949,20.9744
1.8664,15.9761,21.3519,-0.0156192,-0.324223,6.37135,12.7485,1.20096,-8.32521,-4.73689,0.181165,0.447576,-12.5118,0.775091,5.16495,-8.89794,-6.63661,-4.38924,20.2368,-9.0112,2.54322,8.03814,-4.38809,0.687018,-1.28713e-14,7.95139e-16,-40.3942,-3.30951,-81.9719,24.948,8.73458,-8.77765,22.0598,7.12502,17.1605,-7.20242,-1.28713e-14,7.95139e-16,-42.1484,12.2947,78.6787,20.6645,-4.17904,-4.05329,18.8533,7.12502,21.7028,47.6568,-8.24632,2.75197,10.9567,63.4798,17.3404,-11.6333,15.7104,-19.126,-12.5641,-27.7249,29.7298,-5.89145,4.69598,21.6897
1.89173,15.9834,21.4752,-0.0915249,-0.482063,6.643,12.9808,1.20959,-8.64109,-4.83582,0.103809,0.412938,-12.7636,0.776987,5.32552,-9.03275,-6.57653,-4.28945,20.5234,-8.92528,2.41427,8.14393,-4.34831,0.6287,-1.63997e-14,1.03368e-14,-40.8167,-3.65863,-81.725,24.7199,9.08421,-8.77923,22.0628,7.12502,17.1589,-7.19951,-1.63997e-14,1.03368e-14,-42.1775,12.1783,78.6964,21.0396,-3.9766,-4.02723,18.8039,7.12502,21.7278,47.6045,-10.0112,2.48693,10.5485,65.6904,18.39,-14.4309,21.9479,-18.2579,-12.5078,-28.2456,29.3018,-6.23846,4.74615,21.6774
1.91013,15.9897,21.5958,-0.119585,-0.670223,6.73896,13.2132,1.22212,-8.81802,-4.91693,0.0594346,0.406092,-12.9974,0.784004,5.43091,-9.0845,-6.42616,-4.16455,20.6115,-8.73829,2.40642,8.16927,-4.24993,0.622809,2.26615e-14,-2.8625e-14,-41.0237,-4.05409,-81.5537,24.3294,9.49425,-8.82242,22.0725,7.12502,17.1174,-7.19344,2.26615e-14,-2.8625e-14,-42.1575,11.7025,78.8909,21.6158,-3.47729,-4.03623,19.212,7.12502,21.7192,48.0136,-11.8516,2.20899,10.4059,67.762,18.128,-17.2176,29.6876,-17.5112,-12.3101,-28.5396,28.9822,-6.65562,4.68858,21.8786
1.92789,15.9979,21.7259,-0.307864,-0.873896,6.6919,13.2851,1.2335,-8.87393,-4.7942,0.0707675,0.471858,-12.9013,0.789062,5.53438,-9.1735,-6.39412,-4.10987,20.4842,-8.68602,2.36606,8.13628,-4.22472,0.605163,4.37326e-15,-2.06736e-14,-40.9496,-4.17405,-81.4518,23.9641,9.60273,-8.61324,21.8217,7.12502,17.3187,-7.42664,4.37326e-15,-2.06736e-14,-41.87,11.2695,79.2065,22.0911,-2.86867,-4.30531,19.4082,7.12502,21.4608,48.2395,-13.3822,1.94818,10.4699,69.6126,17.3404,-18.4239,33.6772,-16.5968,-12.0774,-28.7141,28.7302,-7.10979,4.63835,22.3431
1.94449,16.0049,21.8502,-0.444466,-1.01349,6.60265,13.2607,1.2227,-8.90787,-4.6408,0.074675,0.596038,-12.7096,0.786249,5.69199,-9.28526,-6.38422,-4.2247,20.3047,-8.64892,2.40655,8.10256,-4.21154,0.639342,8.05078e-15,-1.59028e-15,-40.8797,-4.21734,-81.3027,23.757,9.60784,-8.4359,21.5901,7.12502,17.4894,-7.64316,8.05078e-15,-1.59028e-15,-41.3635,11.1314,79.4553,22.226,-2.6357,-4.41435,19.1318,7.12502,21.356,47.9749,-14.883,1.73465,10.689,71.3345,16.4019,-17.9102,33.7762,-15.7883,-11.8325,-28.8255,28.4469,-7.43063,4.59245,22.86
1.96739,16.008,21.9701,-0.435484,-1.02772,6.74656,13.1964,1.14904,-9.02656,-4.5732,-0.0372509,0.589307,-12.5748,0.733957,5.77797,-9.39863,-6.28971,-4.24563,20.2517,-8.52003,2.46703,8.10434,-4.14503,0.672908,8.39865e-15,4.77083e-15,-40.9283,-4.36195,-81.2034,23.5155,9.77377,-8.73725,21.8462,7.12502,17.1994,-7.4126,8.39865e-15,4.77083e-15,-40.9701,10.9926,79.5624,22.4659,-2.44945,-4.46555,18.862,7.12502,21.3068,47.7107,-16.4075,1.23469,10.542,72.9256,15.7242,-15.5878,30.3358,-15.0788,-11.7458,-29.2162,28.0857,-7.67458,4.55081,22.5581
1.99226,16.0074,22.0937,-0.465934,-1.03709,6.97581,13.1033,1.07586,-9.13554,-4.48373,-0.150949,0.50793,-12.3962,0.67276,5.77403,-9.35639,-6.18141,-4.10533,20.121,-8.38819,2.45662,8.041,-4.07474,0.664374,6.5102e-15,1.27222e-14,-40.971,-4.87065,-80.9657,23.2674,10.4167,-9.114,22.1593,7.12502,16.8367,-7.13079,6.5102e-15,1.27222e-14,-40.6137,10.6755,79.7143,22.7774,-2.10731,-4.70663,19.0667,7.12502,21.0753,47.9414,-17.8275,0.634025,10.2707,74.3522,14.623,-12.4993,23.0373,-14.2236,-11.7672,-29.7317,27.6742,-8.00668,4.64858,21.5483
2.00975,16.0109,22.217,-0.575302,-1.04966,7.06658,13.0692,1.0191,-9.21391,-4.34519,-0.233196,0.487215,-12.2016,0.624473,5.81354,-9.29227,-6.1518,-4.04298,19.9272,-8.36208,2.50213,7.96296,-4.0559,0.676934,-3.72721e-15,-1.74931e-14,-40.9405,-5.54896,-80.5738,23.0697,11.5326,-9.11471,22.5566,7.12502,16.836,-6.73358,-3.72721e-15,-1.74931e-14,-40.1602,10.3734,79.877,22.9627,-1.73322,-4.8472,19.2806,7.12502,20.9402,48.1703,-19.1391,0.23146,10.2394,75.4616,13.0795,-10.2997,18.2532,-13.3195,-11.7046,-30.0669,27.2604,-8.27121,4.67235,20.7155
2.02702,16.0113,22.3429,-0.713046,-1.08168,7.12519,13.0825,0.972137,-9.278,-4.25005,-0.302744,0.502024,-12.0883,0.588304,5.88245,-9.17183,-6.09624,-3.97808,19.7757,-8.27953,2.43011,7.88176,-4.02164,0.657862,5.36719e-15,-1.66979e-14,-41.1095,-5.8379,-80.3421,23.1477,12.3138,-9.01944,22.5037,7.12502,16.9277,-6.77862,5.36719e-15,-1.66979e-14,-39.8437,10.0519,80.0783,23.2532,-1.24297,-5.06973,19.2635,7.12502,20.7264,48.1767,-20.3133,-0.00228146,10.268,76.2274,11.5541,-8.95614,17.9242,-12.4432,-11.6885,-30.3557,26.9406,-8.72195,4.69067,20.7143
2.04437,16.0122,22.4697,-0.821703,-1.15308,7.12716,13.1077,0.901647,-9.30639,-4.24748,-0.399986,0.54806,-12.0834,0.546614,5.97318,-9.28617,-6.01162,-3.84183,20.0246,-8.15082,2.23227,7.96576,-3.96603,0.577478,-3.97569e-16,-1.35174e-14,-41.3884,-5.80695,-80.2566,23.0951,12.5237,-9.05249,22.3211,7.12502,16.8959,-6.96388,-3.97569e-16,-1.35174e-14,-39.7942,9.93454,80.1492,23.6706,-0.84519,-5.19785,19.305,7.12502,20.6033,48.2316,-21.4589,-0.0613173,10.4262,76.7501,10.0303,-7.77885,17.0796,-11.649,-11.7574,-30.5585,26.7393,-9.28642,4.69959,21.711
2.05823,16.0139,22.5852,-0.797225,-1.17492,7.0234,13.2258,0.808785,-9.28961,-4.29759,-0.52757,0.631675,-12.189,0.496797,6.08965,-9.48869,-5.94562,-3.72047,20.2473,-8.0484,2.06988,8.0607,-3.91989,0.505655,2.98177e-16,7.95139e-16,-41.5499,-5.87693,-80.1398,22.9356,12.6485,-9.01014,22.364,7.12502,16.9367,-6.91755,2.98177e-16,7.95139e-16,-39.6902,10.1539,80.0185,24.0008,-0.900381,-5.09713,19.2666,7.12502,20.7001,48.1826,-22.7545,-0.124712,10.7657,77.0884,8.53165,-6.75903,14.4835,-11.193,-11.7661,-30.5843,26.6777,-9.67477,4.60099,22.4581
2.07097,16.0111,22.6929,-0.80158,-1.16224,7.05771,13.523,0.7415,-9.39695,-4.37726,-0.669798,0.669621,-12.4361,0.456446,6.23375,-9.35593,-5.86871,-3.72832,20.1748,-7.94643,2.08674,8.01031,-3.87306,0.528393,1.64991e-14,2.38542e-15,-41.757,-6.06765,-79.9897,22.7987,12.8247,-8.9865,22.2575,7.12502,16.9594,-7.02209,1.64991e-14,2.38542e-15,-39.5748,9.97903,80.1151,24.2795,-0.71847,-5.13615,19.2655,7.12502,20.6626,48.1856,-24.0696,-0.271495,10.914,77.3054,7.0559,-5.93844,12.9914,-10.8312,-11.8192,-30.7824,26.7273,-9.99573,4.69276,21.7093
2.08148,16.001,22.8036,-0.851766,-1.2564,7.04924,13.701,0.701104,-9.46225,-4.46743,-0.753966,0.726,-12.6337,0.439311,6.3598,-9.40092,-5.82702,-3.87864,20.4607,-7.88424,2.14227,8.12096,-3.84747,0.571616,1.2921e-15,1.43125e-14,-42.0348,-5.94626,-79.9124,22.4592,12.5575,-9.16846,22.3314,7.12502,16.7843,-6.96309,1.2921e-15,1.43125e-14,-39.4829,9.64994,80.2828,24.4704,-0.369629,-5.18003,19.1361,7.12502,20.6204,48.0608,-25.3071,-0.266798,11.1648,77.3549,5.36177,-5.61744,14.131,-10.3606,-11.8059,-30.9535,26.7959,-10.423,4.88964,20.5013
2.09513,15.99,22.9179,-0.907073,-1.41062,6.94275,13.732,0.698832,-9.38076,-4.40416,-0.733808,0.792128,-12.5809,0.440695,6.38308,-9.37922,-5.71423,-3.84791,20.3909,-7.74244,2.19656,8.08979,-3.77345,0.600942,9.14409e-15,4.77083e-15,-42.0399,-5.85288,-79.9016,22.1775,12.0172,-9.25649,22.3703,7.12502,16.6995,-6.93138,9.14409e-15,4.77083e-15,-39.1306,9.38331,80.5219,24.7017,-0.000115065,-5.37904,18.8196,7.12502,20.4292,47.7649,-26.5026,-0.170199,11.5181,77.2268,3.75618,-5.42042,15.8267,-9.78821,-11.7187,-31.0289,26.8346,-10.9542,4.9159,20.2592
2.11003,15.9832,23.0379,-0.903685,-1.44222,6.98189,13.6131,0.676197,-9.37404,-4.25033,-0.739269,0.817002,-12.3285,0.419416,6.40373,-9.57689,-5.66825,-3.88389,20.3094,-7.66825,2.23113,8.09883,-3.73525,0.620732,8.15017e-15,-2.22639e-14,-42.0138,-5.82355,-79.857,22.4637,11.8433,-8.90525,21.9359,7.12502,17.0376,-7.33698,8.15017e-15,-2.22639e-14,-38.6066,9.0509,80.8608,25.0399,0.277303,-5.4248,18.9588,7.12502,20.3852,47.9088,-27.6052,-0.212632,11.6427,76.8897,2.18248,-5.07799,16.4572,-9.25001,-11.7575,-31.28,26.8798,-11.5092,4.98019,20.398
2.12399,15.981,23.1574,-0.885142,-1.40375,7.02681,13.6441,0.586587,-9.39778,-4.26572,-0.863737,0.856415,-12.3414,0.366028,6.49213,-9.37954,-5.49158,-3.99625,20.1766,-7.42866,2.34165,8.01967,-3.62294,0.707758,-2.33572e-15,-8.74653e-15,-42.2165,-5.88957,-79.6947,22.6293,12.0896,-8.643,21.7416,7.12502,17.2901,-7.5093,-2.33572e-15,-8.74653e-15,-38.3994,8.8281,81.1049,25.4493,0.550659,-5.29712,19.6481,7.12502,20.5079,48.585,-28.6361,-0.325013,11.7624,76.3543,0.656011,-4.79406,16.8378,-8.77322,-11.9176,-31.5253,26.9228,-11.9982,5.08135,21.0177
2.1311,15.9754,23.2695,-0.841335,-1.41288,6.928,13.8876,0.511748,-9.3992,-4.38162,-0.988698,0.926132,-12.5991,0.330045,6.60992,-9.5008,-5.43568,-3.93983,20.4208,-7.35784,2.3002,8.11673,-3.58655,0.685837,9.14409e-15,3.97569e-15,-42.5188,-5.59159,-79.7912,22.6066,11.8967,-8.65474,21.7008,7.12502,17.2788,-7.55111,9.14409e-15,3.97569e-15,-38.2829,8.55995,81.2622,25.8087,0.721377,-5.23046,19.9099,7.12502,20.572,48.8398,-29.6867,-0.29321,12.132,75.6394,-0.834871,-4.83037,17.2086,-8.36941,-12.0385,-31.5462,26.9066,-12.4408,5.10978,22.0483
2.13921,15.9662,23.3851,-0.776169,-1.31988,6.80527,13.9317,0.395867,-9.31569,-4.40732,-1.1288,0.975534,-12.6278,0.262819,6.65337,-9.68034,-5.51377,-3.7624,20.5408,-7.45771,2.11568,8.17821,-3.63553,0.579094,2.48481e-15,-1.03368e-14,-42.6969,-5.37431,-79.9107,22.5865,11.6503,-8.70878,21.7536,7.12502,17.2267,-7.5028,2.48481e-15,-1.03368e-14,-38.0997,8.3281,81.4074,26.1128,0.814025,-5.40346,19.6337,7.12502,20.4057,48.5815,-30.6289,-0.337481,12.464,74.7353,-2.53249,-4.92187,18.2371,-7.93166,-12.1439,-31.5841,26.8967,-12.7848,5.35148,19.7558
2.15118,15.9641,23.5046,-0.647949,-1.24035,6.72557,13.816,0.283167,-9.23374,-4.40161,-1.2424,1.05877,-12.5277,0.201227,6.72391,-9.68768,-5.53863,-3.7274,20.409,-7.4672,1.9916,8.12931,-3.65012,0.533144,-1.30701e-14,7.95139e-16,-42.8477,-5.34697,-79.7821,22.6608,11.5757,-8.83244,21.9802,7.12502,17.1077,-7.28663,-1.30701e-14,7.95139e-16,-37.8461,8.22783,81.6027,26.4117,1.02766,-5.21976,19.4672,7.12502,20.5823,48.396,-31.5708,-0.286743,12.6991,73.6278,-4.14962,-5.07013,18.3774,-7.52249,-12.3049,-31.7084,26.8768,-13.1812,5.77931,16.9256
2.1598,15.9602,23.6207,-0.552247,-1.26396,6.63412,13.8994,0.246286,-9.10602,-4.44964,-1.27558,1.08576,-12.6273,0.184381,6.69302,-9.66347,-5.52199,-3.69398,20.313,-7.44595,1.98327,8.09037,-3.63926,0.52925,-1.66482e-14,-1.59028e-14,-43.0468,-5.2437,-79.7862,22.7327,11.3748,-8.84709,22.3742,7.12502,17.0936,-6.89377,-1.66482e-14,-1.59028e-14,-37.4888,7.89579,81.8068,26.4399,1.3643,-5.23949,19.3907,7.12502,20.5633,48.3216,-32.4321,-0.028788,12.967,72.3782,-5.57708,-5.43346,18.3626,-7.06338,-12.4103,-31.7905,26.8049,-13.5914,6.14197,15.6146
2.16518,15.9514,23.7339,-0.486411,-1.33992,6.66677,14.0762,0.234168,-9.1769,-4.51673,-1.32869,1.07394,-12.8031,0.177301,6.74042,-10.0418,-5.47116,-3.48539,20.5722,-7.38291,1.85704,8.23019,-3.59985,0.445742,1.83876e-15,6.36111e-15,-43.315,-4.86184,-80.0363,22.9023,10.9356,-8.87731,22.3448,7.12502,17.0645,-6.92572,1.83876e-15,6.36111e-15,-37.1941,7.80008,81.8195,26.4864,1.48857,-5.26437,19.2166,7.12502,20.5394,48.15,-33.2236,0.214555,13.0813,71.0224,-6.63069,-5.7907,19.1853,-6.56211,-12.5251,-31.9838,26.6333,-13.9499,6.41339,15.1272
2.16918,15.9451,23.8447,-0.401929,-1.43678,6.60925,14.2319,0.227785,-9.14202,-4.54967,-1.34567,1.09617,-12.9326,0.176635,6.75595,-10.0191,-5.33846,-3.41398,20.4787,-7.21632,1.89207,8.18815,-3.51299,0.465314,-6.65929e-15,-3.18055e-14,-43.4271,-4.40134,-80.3216,22.9988,10.453,-8.90248,22.2138,7.12502,17.0403,-7.0588,-6.65929e-15,-3.18055e-14,-36.9816,7.86443,81.8115,26.7207,1.26192,-5.15907,18.7767,7.12502,20.6406,47.6992,-33.9711,0.538335,13.2751,69.5072,-7.29941,-6.21549,19.9561,-6.02882,-12.6137,-32.0608,26.3725,-14.284,6.63725,14.6502
2.17233,15.9367,23.9604,-0.344037,-1.43791,6.74375,14.2609,0.204757,-9.32211,-4.5073,-1.41462,1.08171,-12.8873,0.154219,6.85943,-9.9592,-5.3365,-3.46112,20.2322,-7.22185,2.00336,8.10112,-3.51058,0.513877,-4.17448e-15,-7.15625e-15,-43.4433,-4.10847,-80.5168,23.07,10.2294,-9.02397,22.1921,7.12502,16.9234,-7.09061,-4.17448e-15,-7.15625e-15,-36.6102,7.9435,81.8315,27.0993,1.18933,-4.91029,19.2147,7.12502,20.8796,48.1111,-34.6182,0.800922,13.1927,67.8958,-7.7689,-6.61744,19.2607,-5.37328,-12.7478,-32.3577,26.0264,-14.6451,6.73028,14.7662
2.17484,15.9312,24.0837,-0.326124,-1.39504,6.97765,14.2085,0.162826,-9.59471,-4.43522,-1.52088,1.03229,-12.7507,0.11301,6.98136,-9.76765,-5.27373,-3.50569,19.7795,-7.16416,2.23011,7.92425,-3.47004,0.61256,-1.25731e-14,-2.38542e-15,-43.532,-4.31032,-80.3837,23.0775,10.6417,-9.05832,22.5947,7.12502,16.8903,-6.69076,-1.25731e-14,-2.38542e-15,-36.2579,7.40971,82.1594,27.5705,1.74368,-4.84569,20.1176,7.12502,20.9417,49.0072,-35.0608,1.02697,12.9639,66.1337,-8.17863,-6.8947,19.0744,-4.6292,-12.8365,-32.771,25.616,-14.9669,6.74997,15.0434
2.17366,15.9283,24.2017,-0.206036,-1.50504,7.02512,14.1296,0.170288,-9.74054,-4.41203,-1.52628,1.05702,-12.6737,0.11793,7.09079,-9.79558,-5.23309,-3.65079,19.6097,-7.12038,2.45171,7.88559,-3.43956,0.714164,2.88238e-15,-2.38542e-15,-43.6934,-4.21192,-80.359,23.2024,10.7561,-9.0904,22.7182,7.12502,16.8594,-6.56992,2.88238e-15,-2.38542e-15,-35.9853,6.96584,82.4925,27.891,2.12258,-5.13479,20.2752,7.12502,20.6639,49.1952,-35.5959,1.55255,12.9423,64.2052,-8.49789,-7.16082,19.4112,-3.98843,-12.848,-32.9339,25.1302,-15.2257,6.90047,14.7069
2.16873,15.9216,24.3186,-0.0895099,-1.60305,7.11041,14.1641,0.199803,-9.93845,-4.47756,-1.53291,1.05441,-12.7698,0.139224,7.20573,-9.76499,-5.26017,-3.68733,19.6028,-7.15925,2.48429,7.88181,-3.45817,0.727648,9.74045e-15,-1.74931e-14,-43.9392,-4.04852,-80.4338,23.2552,10.5674,-9.35794,22.8183,7.12502,16.6019,-6.4916,9.74045e-15,-1.74931e-14,-35.8108,6.81298,82.6346,28.1752,2.35442,-5.09291,20.2389,7.12502,20.7041,49.1545,-36.0583,2.08109,12.842,62.1306,-8.91909,-7.06607,19.67,-3.33415,-12.8689,-33.1425,24.5748,-15.2894,7.29173,13.012
2.16292,15.9201,24.4427,-0.00667973,-1.66472,7.06069,14.1941,0.199087,-10.0401,-4.49874,-1.5526,1.10191,-12.8075,0.14417,7.32452,-9.56349,-5.19623,-3.65007,19.3012,-7.09286,2.58284,7.74561,-3.41937,0.769577,2.31087e-14,-1.27222e-14,-44.0639,-3.82942,-80.5685,23.2494,10.2937,-9.58982,23.1461,7.12502,16.3786,-6.18237,2.31087e-14,-1.27222e-14,-35.5364,6.94467,82.6451,28.4152,2.26759,-4.85757,20.306,7.12502,20.9303,49.1968,-36.2855,2.61402,12.8621,59.8444,-9.1195,-6.85097,19.1844,-2.57575,-12.9869,-33.2231,24.0103,-15.4697,7.65688,11.6753
2.15754,15.9226,24.5718,0.0862471,-1.74495,6.96874,14.1449,0.177564,-10.0824,-4.46907,-1.57715,1.14625,-12.7365,0.132793,7.40252,-9.74872,-5.15738,-3.45934,19.2647,-7.03663,2.44348,7.75233,-3.38971,0.694251,-8.94531e-16,2.38542e-14,-44.1899,-3.7054,-80.6781,23.3632,10.1888,-9.87313,23.5655,7.12502,16.1058,-5.7852,-8.94531e-16,2.38542e-14,-35.2251,6.98667,82.6558,28.7449,2.16814,-4.33137,20.5762,7.12502,21.4357,49.4103,-36.3911,3.32597,12.8657,57.3942,-9.18409,-6.89804,16.9209,-1.71934,-13.1479,-33.2679,23.3802,-15.7905,7.86536,11.4556
2.15014,15.9327,24.6941,0.188275,-1.85854,6.69463,14.1133,0.183979,-9.90808,-4.47758,-1.52266,1.22001,-12.7374,0.148599,7.37264,-9.84445,-5.21276,-3.4717,19.3423,-7.12311,2.50129,7.80064,-3.42464,0.702722,3.22528e-14,-7.95139e-15,-44.5229,-3.57814,-80.7773,23.6969,10.0376,-9.75917,23.6603,7.12502,16.2155,-5.68156,3.22528e-14,-7.95139e-15,-35.0271,6.80569,82.7817,29.0747,2.31326,-4.15575,20.7581,7.12502,21.6044,49.5729,-36.4638,4.23267,13.0162,54.8274,-9.45499,-7.0896,15.3183,-0.799966,-13.2543,-33.0883,22.5713,-16.0369,8.07794,11.0131
2.14101,15.942,24.8141,0.360953,-1.89963,6.54807,14.0463,0.180644,-9.86721,-4.51821,-1.50884,1.26259,-12.7465,0.156127,7.39292,-9.89629,-5.26238,-3.59818,19.3391,-7.21732,2.74272,7.82626,-3.45532,0.790832,-9.0447e-15,3.26007e-14,-44.7288,-3.5585,-80.7956,23.7773,9.97345,-9.2212,23.0365,7.12502,16.7335,-6.26234,-9.0447e-15,3.26007e-14,-34.8277,6.54562,82.9726,29.3358,2.66442,-4.4886,20.553,7.12502,21.2847,49.4043,-36.5962,5.08268,12.9635,52.2791,-9.7542,-7.44391,16.6741,0.11379,-13.3405,-33.02,21.5479,-15.9255,8.4097,9.77954
2.13639,15.9477,24.936,0.601309,-1.8196,6.89388,13.9573,0.155895,-10.2656,-4.57089,-1.62084,1.18929,-12.7316,0.132938,7.5624,-10.1096,-5.23758,-3.47767,19.4202,-7.18979,2.68811,7.88373,-3.43507,0.749479,5.51627e-15,-1.59028e-15,-44.7613,-3.53786,-80.7947,23.7082,9.96859,-8.82378,22.0742,7.12502,17.1161,-7.19186,5.51627e-15,-1.59028e-15,-34.5677,6.37198,83.158,29.4994,2.90163,-4.76072,20.4252,7.12502,21.0233,49.3057,-36.7993,5.76041,12.2307,49.8112,-9.81905,-8.06688,17.9088,1.00207,-13.5766,-33.4955,20.3847,-15.7195,8.70966,8.59791
2.13075,15.9463,25.0607,0.782163,-1.80735,7.33124,13.8747,0.173665,-10.7307,-4.61254,-1.69475,1.05931,-12.7166,0.129536,7.69584,-10.0208,-5.17734,-3.34642,19.2664,-7.11675,2.64185,7.80742,-3.39763,0.724875,1.1281e-14,-1.27222e-14,-44.8476,-3.8251,-80.6664,23.5735,10.2592,-8.74941,21.6325,7.12502,17.1876,-7.62735,1.1281e-14,-1.27222e-14,-34.3395,6.00383,83.3782,29.627,3.07887,-5.1345,20.0244,7.12502,20.6642,48.9443,-36.9249,6.54998,11.3627,47.3617,-10.0451,-8.70805,16.4063,2.03039,-13.794,-34.072,19.1179,-15.627,8.84811,8.86759
2.12244,15.9476,25.1848,0.92819,-1.82339,7.46036,13.8626,0.18285,-10.9042,-4.68368,-1.72585,1.00033,-12.7873,0.133552,7.7365,-9.84299,-5.16648,-3.30854,19.1511,-7.1228,2.70793,7.73856,-3.3951,0.745876,1.19022e-14,2.06736e-14,-45.0206,-4.20355,-80.4758,23.3202,10.5315,-8.76795,21.6801,7.12502,17.1698,-7.58135,1.19022e-14,2.06736e-14,-34.2552,5.74479,83.4988,29.8502,3.10385,-5.23522,19.735,7.12502,20.5674,48.6654,-36.9261,7.49454,10.8082,44.8849,-10.7489,-9.1976,15.4131,3.1745,-14.0466,-34.306,17.6942,-15.5771,8.94228,9.82116
2.11446,15.9585,25.3085,1.13324,-1.83737,7.28037,13.7823,0.151874,-10.7539,-4.7479,-1.72772,1.04172,-12.8131,0.126811,7.69652,-10.136,-5.21243,-3.22431,19.4089,-7.19129,2.64621,7.87316,-3.42129,0.694044,-2.33572e-15,1.03368e-14,-45.1807,-4.22507,-80.4955,23.2602,10.5671,-8.92646,21.8093,7.12502,17.0172,-7.46529,-2.33572e-15,1.03368e-14,-34.1787,5.71468,83.5764,30.2157,3.17761,-4.9098,19.8888,7.12502,20.8801,48.7851,-36.9181,8.51709,10.5276,42.3466,-11.3278,-9.92543,15.0994,4.30026,-14.1429,-34.1985,16.2515,-15.3077,9.24306,8.49977
2.1071,15.9624,25.4402,1.35764,-1.88127,7.3679,13.5922,0.176401,-10.8044,-4.79454,-1.68857,1.00122,-12.7619,0.145166,7.66355,-10.5383,-5.29781,-3.29128,19.7174,-7.29837,2.64682,8.05454,-3.46854,0.678949,4.29872e-15,-9.54166e-15,-45.3718,-4.35038,-80.4401,23.3471,10.642,-8.90355,21.9571,7.12502,17.0393,-7.31566,4.29872e-15,-9.54166e-15,-33.9098,5.5964,83.7268,30.2973,3.19359,-4.66193,20.0002,7.12502,21.1182,48.8701,-36.9164,9.58325,9.84693,39.8321,-11.6651,-10.6051,14.6753,5.45549,-14.071,-34.4041,14.8495,-15.001,9.56766,6.40968
2.09522,15.9591,25.5694,1.51298,-1.86008,7.35734,13.5775,0.194655,-10.7622,-4.88396,-1.66367,0.968658,-12.8648,0.162028,7.59803,-9.52072,-5.17371,-3.6004,18.8497,-7.17668,3.19416,7.61312,-3.40365,0.957814,2.55935e-15,-2.38542e-14,-45.7025,-4.52282,-80.344,23.4603,10.7395,-8.57874,21.955,7.12502,17.3519,-7.29042,2.55935e-15,-2.38542e-14,-33.8266,5.31494,83.8991,30.3488,3.28036,-4.87901,19.4864,7.12502,20.9097,48.3794,-36.842,10.915,9.16677,37.3883,-12.2895,-11.3353,15.4841,6.76536,-14.1563,-34.4827,13.3085,-14.8915,9.70166,6.38557
2.08203,15.9608,25.698,1.63882,-1.70237,7.2627,13.5132,0.180263,-10.6792,-4.863,-1.65546,0.98969,-12.8022,0.155027,7.56957,-9.77489,-5.24999,-3.59352,18.9556,-7.28507,3.22066,7.69836,-3.44745,0.946322,7.65321e-15,-1.03368e-14,-45.7671,-4.64961,-80.2678,23.3386,10.5726,-8.26852,21.9723,7.12502,17.6505,-7.24657,7.65321e-15,-1.03368e-14,-33.5823,5.03486,84.1477,30.4573,3.34401,-5.23871,19.083,7.12502,20.564,48.0138,-36.7093,12.3983,8.4434,35.0637,-13.0804,-12.0389,16.995,8.19738,-14.442,-34.48,11.5702,-14.7034,9.81282,6.89224
2.07109,15.965,25.8297,1.7853,-1.4794,7.42769,13.3614,0.11728,-10.8253,-4.84931,-1.75511,0.931386,-12.6731,0.107507,7.60324,-10.1342,-5.38073,-3.57192,19.148,-7.46513,3.20894,7.83188,-3.5254,0.908382,8.57259e-15,-2.94201e-14,-45.8683,-4.57773,-80.3581,23.2667,10.3276,-8.44342,22.2908,7.12502,17.4821,-6.94308,8.57259e-15,-2.94201e-14,-33.2358,4.56332,84.441,30.5537,3.7807,-5.27974,19.4493,7.12502,20.5246,48.3844,-36.6125,13.8368,7.33657,32.8572,-13.3963,-12.8173,16.6157,9.65525,-14.3489,-34.7314,9.74131,-14.0793,9.90111,4.20754
2.05538,15.971,25.9518,1.94838,-1.37629,7.38061,13.3819,0.0748941,-10.7578,-4.94593,-1.81117,0.906552,-12.788,0.0858166,7.55233,-9.97407,-5.41904,-3.71882,19.0896,-7.54041,3.43303,7.80161,-3.55391,1.00252,-3.80176e-15,1.59028e-15,-46.126,-4.51206,-80.5084,23.1675,10.2163,-8.85166,22.6371,7.12502,17.0892,-6.63128,-3.80176e-15,1.59028e-15,-33.1487,4.29882,84.5835,30.6941,3.96113,-5.28831,19.4963,7.12502,20.5164,48.4322,-36.6514,15.5331,6.38151,30.8011,-13.5874,-13.7184,15.9241,11.234,-14.1396,-34.6898,7.58302,-13.2409,10.0887,0.340497
2.03965,15.9719,26.0763,2.08362,-1.32504,7.33574,13.3786,0.0607019,-10.7422,-4.97185,-1.82809,0.910801,-12.8127,0.0795081,7.55268,-9.99306,-5.404,-3.61293,19.051,-7.52237,3.36701,7.78457,-3.54398,0.965618,-2.34814e-14,0,-46.197,-4.62542,-80.4526,23.0715,10.3956,-8.94472,22.8313,7.12502,16.9996,-6.44486,-2.34814e-14,0,-33.0305,4.22635,84.6703,30.9034,3.99865,-5.20705,19.2451,7.12502,20.5945,48.1726,-36.7525,17.2388,5.41322,29.0036,-13.8755,-14.5363,15.9157,13.2983,-13.8797,-34.6105,4.54542,-12.1828,9.94696,-0.00529193
2.02468,15.9711,26.2093,2.23678,-1.20205,7.37633,13.2827,0.0527984,-10.7732,-4.95394,-1.83441,0.886034,-12.7324,0.0714103,7.53919,-10.0363,-5.42184,-3.49157,18.9299,-7.54651,3.2948,7.74542,-3.55391,0.920032,1.4561e-14,-2.38542e-15,-46.2117,-4.77059,-80.4359,23.0223,10.4277,-9.55838,23.4041,7.12502,16.4089,-5.92191,1.4561e-14,-2.38542e-15,-32.6956,4.11096,84.8121,30.8741,4.09411,-5.08092,19.3548,7.12502,20.7157,48.2692,-36.9018,18.9233,4.31366,27.4718,-14.1443,-15.5601,15.3648,16.2434,-13.6979,-34.5892,3.49861e-14,-10.5267,9.67697,0.750551
2.00964,15.9669,26.3453,2.38512,-0.995595,7.42422,13.1911,-0.00239962,-10.7738,-4.98161,-1.90056,0.874436,-12.695,0.0381087,7.53819,-10.0099,-5.45443,-3.55468,18.9017,-7.58865,3.33956,7.73736,-3.57484,0.941489,1.54058e-15,1.51076e-14,-46.2982,-4.94787,-80.2862,22.8623,10.7198,-9.82137,23.576,7.12502,16.1557,-5.77071,1.54058e-15,1.51076e-14,-32.5273,4.07131,84.9412,30.7478,4.00074,-4.95792,19.2501,7.12502,20.8338,48.1515,-37.1466,20.349,3.26522,26.3347,-14.8827,-16.4143,15.4816,16.6489,-13.5908,-34.635,1.90833e-14,-10.8203,9.502,0.311379
1.99228,15.9558,26.4895,2.4298,-0.67328,7.25437,13.0722,-0.0967594,-10.5559,-4.9945,-1.96813,0.918018,-12.6229,-0.0138414,7.47374,-10.1889,-5.53031,-3.58418,19.1643,-7.69172,3.32156,7.86076,-3.62209,0.921681,6.95746e-16,3.65764e-14,-46.4464,-5.05799,-80.1681,22.6674,10.8362,-9.46252,23.2282,7.12502,16.5012,-6.09012,6.95746e-16,3.65764e-14,-32.442,4.02183,85.0535,30.5694,3.71279,-4.91282,18.928,7.12502,20.8772,47.8247,-37.2452,21.6023,2.6261,25.5498,-16.019,-16.9963,16.2258,17.2857,-13.5614,-34.478,3.18055e-15,-11.2573,9.29662,0.677318
1.97892,15.9389,26.6367,2.52879,-0.344218,7.46605,13.0122,-0.185114,-10.6398,-5.10719,-2.11279,0.830526,-12.69,-0.0710771,7.4548,-9.97512,-5.50885,-3.55974,19.1412,-7.67832,3.35179,7.81436,-3.61488,0.935504,2.98177e-16,2.14687e-14,-46.791,-5.02328,-80.1849,22.6105,10.8267,-9.32109,22.9639,7.12502,16.6373,-6.34306,2.98177e-16,2.14687e-14,-32.5203,3.66309,85.2548,30.6261,3.93076,-4.8846,18.9738,7.12502,20.9043,47.8674,-37.4202,22.4838,1.70428,24.9987,-17.1284,-17.3622,17.2576,17.832,-13.5592,-34.7314,-4.45278e-14,-11.5313,9.08423,0.81278
1.96363,15.9251,26.7756,2.65947,-0.0696281,7.81189,13.1594,-0.216887,-10.8693,-5.26942,-2.24167,0.712797,-12.9457,-0.0948942,7.4917,-9.75953,-5.49584,-3.61385,19.1571,-7.67232,3.42114,7.78571,-3.61274,0.973602,-1.21756e-15,5.56597e-15,-47.117,-4.75021,-80.3536,22.5883,10.5269,-9.04755,22.4955,7.12502,16.9007,-6.78917,-1.21756e-15,5.56597e-15,-32.5367,3.58446,85.4099,30.5592,3.9223,-5.11664,18.9421,7.12502,20.6813,47.8602,-37.5775,23.0031,0.856619,24.5518,-17.993,-17.7373,17.5412,18.2091,-13.5271,-35.0725,-1.90833e-14,-11.6342,8.81533,0.361395
1.93994,15.9121,26.9113,2.64353,0.119482,7.91018,13.2862,-0.195173,-10.9743,-5.28801,-2.25182,0.695131,-13.0429,-0.0839283,7.54008,-9.77274,-5.54652,-3.79586,19.2577,-7.73858,3.53881,7.83644,-3.64484,1.03309,5.76476e-15,7.95139e-16,-47.2341,-4.75972,-80.2766,22.4018,10.6304,-8.60821,21.9541,7.12502,17.3235,-7.2938,5.76476e-15,7.95139e-16,-32.4749,3.50255,85.6347,30.5946,3.84997,-5.1623,19.3814,7.12502,20.6375,48.3043,-37.4951,23.4859,0.545277,24.2478,-18.571,-18.1092,17.1907,18.7417,-13.3739,-35.1491,2.22639e-14,-11.6527,8.6594,-1.28117
1.90801,15.89,27.0479,2.6875,0.306582,7.83275,13.1553,-0.236839,-11.0976,-5.21391,-2.29645,0.800272,-12.86,-0.104345,7.7323,-9.78034,-5.48899,-3.95294,19.1803,-7.65605,3.68387,7.82125,-3.6037,1.11496,-2.55935e-15,-1.59028e-15,-47.1057,-4.74285,-80.1847,22.1578,10.8374,-8.48667,22.0094,7.12502,17.4405,-7.22822,-2.55935e-15,-1.59028e-15,-32.309,3.90605,85.662,30.4645,3.36986,-4.9501,19.4392,7.12502,20.8414,48.3398,-37.4747,24.0691,0.458105,24.0869,-19.1899,-18.4174,18.1652,19.2774,-13.2305,-35.0168,-6.04305e-14,-11.4906,8.73539,-4.07028
1.88203,15.8674,27.1947,2.77161,0.618027,7.78525,12.9832,-0.33445,-11.0572,-5.17396,-2.39244,0.824727,-12.6856,-0.165841,7.74881,-9.85914,-5.49298,-3.95378,19.1951,-7.66222,3.69901,7.84126,-3.60368,1.11701,-3.8763e-15,2.38542e-14,-47.0016,-4.887,-80.0888,21.993,11.1427,-8.34438,21.974,7.12502,17.5775,-7.25141,-3.8763e-15,2.38542e-14,-32.1554,4.18548,85.6464,30.1688,3.03203,-4.99697,18.9722,7.12502,20.7963,47.8777,-37.2663,24.0629,0.61535,24.0136,-19.5669,-18.3245,19.6948,19.794,-13.2201,-34.9013,3.49861e-14,-11.4304,8.57176,-4.87175
1.86398,15.8461,27.3437,2.88307,1.00893,7.93673,12.7581,-0.451673,-11.0208,-5.11298,-2.52309,0.715776,-12.4526,-0.255867,7.61946,-10.1241,-5.61756,-3.87985,19.2761,-7.83338,3.65167,7.91799,-3.67877,1.06308,-1.67725e-14,6.36111e-15,-46.8119,-5.19884,-80.0435,21.6904,11.5063,-8.30526,21.9743,7.12502,17.6151,-7.24777,-1.67725e-14,6.36111e-15,-31.9168,4.23458,85.6662,29.9251,2.7557,-5.01657,18.7565,7.12502,20.7775,47.6641,-36.8125,23.1926,0.986031,24.0494,-18.9737,-17.8638,20.3364,20.2622,-13.2946,-35.0123,3.18055e-15,-11.3996,8.30444,-4.71531
1.83678,15.8255,27.4852,2.89304,1.31175,7.90175,12.7335,-0.535289,-10.9783,-5.09348,-2.62348,0.714745,-12.3934,-0.311775,7.61368,-9.80083,-5.63971,-3.9176,18.9178,-7.87194,3.75819,7.7489,-3.69906,1.11292,3.42904e-15,-5.56597e-15,-46.7562,-5.26664,-80.0299,21.3525,11.8433,-8.36954,22.2721,7.12502,17.5532,-6.95547,3.42904e-15,-5.56597e-15,-31.8947,4.33178,85.662,29.9313,2.57331,-4.68402,19.2754,7.12502,21.097,48.1477,-36.3809,22.6721,1.55142,24.2829,-18.6161,-17.3601,22.7355,20.7953,-13.2636,-34.9004,3.81667e-14,-11.231,8.089,-6.06743
1.80544,15.8046,27.6316,2.84463,1.57944,7.82811,12.8447,-0.594257,-10.9563,-5.16456,-2.70965,0.786525,-12.5229,-0.338067,7.7092,-9.57473,-5.62817,-4.03729,18.9285,-7.83605,3.7229,7.71395,-3.6973,1.13102,1.09829e-14,3.97569e-15,-46.9377,-5.50888,-79.6914,21.0879,12.4819,-8.46062,22.6114,7.12502,17.4656,-6.62396,1.09829e-14,3.97569e-15,-32.1002,4.30782,85.8377,30.1959,2.72214,-4.4439,21.0143,7.12502,21.3276,49.8607,-35.9722,22.332,2.13181,24.703,-18.6367,-16.4872,27.1919,21.3821,-13.1928,-34.7219,3.81667e-14,-11.0626,7.79181,-6.84585
1.77706,15.7827,27.7866,2.80843,1.79847,8.00714,12.8743,-0.564812,-11.0584,-5.22621,-2.7057,0.710111,-12.616,-0.322718,7.68325,-9.89827,-5.76321,-4.16571,19.4445,-8.01128,3.70586,7.9554,-3.78062,1.11306,-3.04638e-14,-2.38542e-15,-47.2016,-5.74931,-79.5169,21.089,12.5698,-8.37006,22.3647,7.12502,17.5527,-6.86291,-3.04638e-14,-2.38542e-15,-32.2714,4.39887,85.8012,29.7148,2.12631,-4.50284,19.8527,7.12502,21.271,48.7055,-35.5691,21.8495,2.46597,25.1371,-18.0988,-15.7129,29.9634,22.0115,-13.0792,-34.832,-4.45278e-14,-10.8672,7.51369,-8.43473
1.74896,15.7656,27.9458,2.8079,2.01429,8.13593,12.8338,-0.586175,-11.082,-5.28686,-2.7457,0.642585,-12.6567,-0.338098,7.6283,-9.90024,-5.77875,-4.27767,19.5973,-8.03462,3.77424,8.01544,-3.79178,1.14946,1.44119e-15,-3.18055e-15,-47.3172,-5.69258,-79.5488,20.9731,12.46,-8.16201,22.0492,7.12502,17.7529,-7.16045,1.44119e-15,-3.18055e-15,-32.3828,4.43104,85.8189,29.5206,1.84894,-4.39171,20.1856,7.12502,21.3778,49.0263,-35.2601,21.4381,2.75927,25.5698,-17.2455,-15.2938,31.7827,22.6663,-12.9675,-34.8909,5.40694e-14,-10.6887,7.29431,-10.5545
1.7164,15.7585,28.1086,2.70296,2.18541,8.00541,12.7556,-0.59997,-10.9287,-5.25305,-2.72297,0.647921,-12.5766,-0.347075,7.537,-9.60407,-5.74106,-4.31546,19.3836,-7.9888,3.83845,7.89327,-3.77383,1.19243,-6.23687e-15,-4.13472e-14,-47.2838,-5.88888,-79.4181,20.6549,12.823,-8.16754,22.2952,7.12502,17.7476,-6.91491,-6.23687e-15,-4.13472e-14,-32.357,4.45666,85.8677,29.3577,1.76452,-4.41078,20.9493,7.12502,21.3595,49.7921,-34.9464,21.4513,3.19701,25.9268,-16.7325,-15.1835,34.8274,23.3892,-12.788,-34.6688,0,-10.4975,7.10669,-11.4898
1.68181,15.7556,28.2656,2.5909,2.37627,7.82917,12.625,-0.653139,-10.8764,-5.11081,-2.74632,0.752457,-12.321,-0.380619,7.61922,-9.66576,-5.70035,-4.30395,19.3259,-7.91707,3.78375,7.87924,-3.74326,1.17897,-2.43511e-15,-7.15625e-15,-46.9408,-5.96634,-79.3307,20.3241,13.0443,-8.33177,22.3537,7.12502,17.5896,-6.87062,-2.43511e-15,-7.15625e-15,-32.227,5.09503,85.6719,28.7856,1.20165,-4.31055,19.6261,7.12502,21.4557,48.4579,-34.6332,21.5076,3.62856,26.2366,-16.8706,-14.7244,39.5018,23.9997,-12.642,-34.3465,1.27222e-14,-9.98844,6.70763,-11.0851
1.64259,15.7524,28.4226,2.46259,2.50919,7.30806,12.56,-0.702402,-10.5171,-5.01291,-2.71216,0.939702,-12.1726,-0.397945,7.6125,-9.95908,-5.74768,-4.30836,19.5485,-7.95811,3.67091,8.00339,-3.76646,1.12747,-1.81391e-14,1.82882e-14,-46.8156,-6.29758,-79.0859,20.1265,13.5076,-8.42563,22.1636,7.12502,17.4993,-7.06881,-1.81391e-14,1.82882e-14,-32.1472,4.98802,85.7657,28.284,1.22327,-4.69141,19.4033,7.12502,21.0899,48.2764,-34.2096,21.3556,4.64499,26.5844,-16.679,-14.4095,42.2355,24.6269,-12.4429,-33.6255,-4.45278e-14,-9.27574,6.19993,-10.1846
1.60546,15.7465,28.5829,2.29563,2.56249,6.86734,12.5891,-0.724416,-10.1637,-4.99215,-2.66553,1.07396,-12.177,-0.397649,7.5538,-10.321,-5.81797,-4.28621,19.9515,-8.0351,3.52427,8.19969,-3.80553,1.05237,-5.73494e-14,-1.82882e-14,-46.8695,-6.26699,-79.053,20.0443,13.6024,-8.33967,22.0672,7.12502,17.582,-7.15778,-5.73494e-14,-1.82882e-14,-32.2364,5.06311,85.7723,27.7792,1.20335,-5.03659,19.5199,7.12502,20.7583,48.4296,-33.6685,20.5691,5.90198,27.1157,-15.2374,-14.537,41.084,25.3719,-12.1612,-33.0055,-8.5875e-14,-8.82241,5.80328,-7.66283
1.57841,15.7463,28.7394,2.33143,2.6813,6.68007,12.4836,-0.772985,-9.89259,-5.0355,-2.66975,1.10303,-12.1668,-0.419239,7.42851,-10.3691,-5.85287,-4.2256,20.0419,-8.08016,3.44208,8.23445,-3.8287,1.00816,-2.48481e-14,-1.11319e-14,-46.7909,-6.22381,-79.0231,19.8103,13.5617,-8.2129,22.1464,7.12502,17.704,-7.06768,-2.48481e-14,-1.11319e-14,-32.4988,5.73291,85.5768,27.4519,0.657132,-5.30784,19.2665,7.12502,20.4976,48.2045,-33.3434,19.13,6.94258,27.8629,-13.1497,-14.6444,37.6384,25.8411,-11.9827,-32.6548,-2.22639e-14,-8.18413,5.52983,-6.69566
1.55281,15.7401,28.8882,2.33449,2.73721,6.54133,12.5338,-0.838857,-9.74534,-5.0845,-2.73306,1.17061,-12.2414,-0.450693,7.43856,-10.1027,-5.73955,-4.20554,19.8195,-7.93418,3.48157,8.10622,-3.76093,1.04429,1.23246e-14,1.98785e-14,-46.6434,-6.18213,-78.9047,19.5915,13.7428,-8.13588,22.2385,7.12502,17.7781,-6.96881,1.23246e-14,1.98785e-14,-32.8539,6.30584,85.4171,27.1539,0.440634,-5.55542,18.8687,7.12502,20.2597,47.8321,-33.2032,17.8076,7.80658,28.7801,-11.7608,-14.2959,36.0438,26.3141,-11.7341,-32.3724,5.725e-14,-7.18683,5.46452,-10.5136
1.52056,15.7303,29.0377,2.22198,2.60867,6.46182,12.6587,-0.813215,-9.78095,-5.12638,-2.71361,1.23695,-12.3665,-0.424874,7.53841,-9.76573,-5.59975,-4.26513,19.6789,-7.75343,3.56765,7.99669,-3.67837,1.11297,1.13307e-14,-1.19271e-14,-46.5205,-6.3292,-78.6691,19.2427,14.1201,-8.33497,22.4038,7.12502,17.5865,-6.82078,1.13307e-14,-1.19271e-14,-33.2464,6.88658,85.1983,26.8734,0.393948,-5.24272,18.8779,7.12502,20.5602,47.8091,-33.0839,17.1425,8.46639,29.7228,-11.0773,-13.9393,35.8499,26.8847,-11.2956,-32.1338,-7.95139e-14,-5.97681,5.30893,-14.9015
1.48184,15.726,29.1882,2.0207,2.38833,6.29218,12.8368,-0.744309,-9.80884,-5.1257,-2.63565,1.32267,-12.486,-0.372637,7.64486,-9.77515,-5.53833,-4.24767,19.7424,-7.6655,3.526,8.0133,-3.63876,1.10494,1.73937e-15,-3.18055e-15,-46.312,-6.43797,-78.5229,18.8472,14.386,-8.63787,22.743,7.12502,17.295,-6.50745,1.73937e-15,-3.18055e-15,-33.6976,7.4497,84.9441,26.7703,0.2925,-4.87537,19.3481,7.12502,20.9132,48.2408,-32.8639,16.8155,9.22204,30.6254,-10.3062,-13.7353,34.3715,23.4795,-10.7489,-31.752,6.87091,-7.60436,5.07312,-15.5467
1.44095,15.7216,29.3387,1.8629,2.12561,6.16042,12.9353,-0.63155,-9.90433,-5.13995,-2.50739,1.37034,-12.5861,-0.293976,7.73199,-9.9637,-5.62784,-4.30095,19.9894,-7.79919,3.58915,8.14056,-3.69502,1.11215,-7.45443e-15,-1.35174e-14,-46.1998,-6.45973,-78.5021,18.6594,14.3018,-8.62732,22.7022,7.12502,17.3051,-6.54736,-7.45443e-15,-1.35174e-14,-34.1836,7.80011,84.7068,26.6023,0.0619923,-4.75808,19.3105,7.12502,21.0258,48.1907,-32.6838,16.5205,9.92676,31.473,-9.60022,-13.5346,33.5348,22.0042,-10.1879,-31.3443,10.2595,-7.77811,4.74149,-14.969
1.40385,15.7116,29.491,1.67383,1.86522,6.2529,13.0334,-0.482189,-10.1078,-5.14655,-2.36039,1.32534,-12.6838,-0.203001,7.77069,-9.47395,-5.59863,-4.50783,19.6776,-7.79773,3.93104,7.97074,-3.68837,1.27524,-2.43511e-15,6.36111e-15,-46.2011,-6.83334,-78.2546,18.659,14.6813,-8.49075,22.4042,7.12502,17.4366,-6.83372,-2.43511e-15,6.36111e-15,-34.6297,7.91487,84.5689,26.4026,0.12631,-4.87161,19.127,7.12502,20.9168,48.0192,-32.4237,16.1205,10.4135,32.2714,-8.8543,-13.145,33.4131,20.8504,-9.22474,-31.0728,13.2121,-7.5106,4.20827,-15.8948
1.36841,15.7087,29.6451,1.52922,1.6371,6.17726,12.9753,-0.390813,-10.1379,-5.06084,-2.23098,1.32681,-12.5752,-0.150186,7.75526,-9.79202,-5.65467,-4.44917,19.938,-7.87371,3.86896,8.1136,-3.71809,1.2257,6.21202e-15,2.38542e-15,-46.0758,-7.24293,-78.0264,18.7875,15.1904,-8.44287,22.1998,7.12502,17.4827,-7.03402,6.21202e-15,2.38542e-15,-34.9327,8.08927,84.4239,26.0964,0.096115,-5.22725,18.9311,7.12502,20.5751,47.8608,-32.1641,15.6412,11.0823,33.095,-8.26751,-12.4617,33.4896,19.7823,-8.18413,-30.543,15.817,-6.80754,3.56952,-16.93
1.33069,15.7144,29.7927,1.41048,1.44713,6.00536,12.9177,-0.325549,-10.1023,-4.91636,-2.11796,1.35853,-12.3946,-0.115906,7.7385,-10.3059,-5.67241,-4.28567,20.247,-7.88472,3.68695,8.29635,-3.71675,1.12011,-4.67144e-15,3.18055e-15,-45.6504,-7.5982,-77.9057,18.7538,15.6179,-8.32495,22.0607,7.12502,17.5961,-7.16308,-4.67144e-15,3.18055e-15,-35.0463,8.22709,84.2609,25.7434,-0.13014,-5.414,18.8246,7.12502,20.3956,47.7736,-31.9656,15.4499,11.775,33.9653,-7.9705,-11.9608,33.1472,18.7204,-7.15532,-29.7803,18.1687,-5.88143,2.7095,-15.2344
1.29559,15.7143,29.9418,1.33225,1.35937,6.27246,12.9485,-0.257777,-10.419,-4.94808,-2.10272,1.24886,-12.4543,-0.0834756,7.79458,-10.1466,-5.6006,-4.29892,20.2606,-7.80902,3.77904,8.27293,-3.67572,1.16563,3.83654e-14,2.38542e-15,-45.5036,-7.4078,-78.1447,18.772,15.2312,-8.21134,21.8904,7.12502,17.7055,-7.32354,3.83654e-14,2.38542e-15,-35.4321,8.64341,83.8886,25.3756,-0.825754,-5.22415,18.3779,7.12502,20.578,47.3072,-31.746,15.2188,11.9365,34.789,-7.76746,-11.5892,31.9746,17.5425,-6.2463,-29.5189,20.6084,-4.58043,2.12082,-13.2865
1.26747,15.7146,30.0969,1.2322,1.44626,6.75758,13.0004,-0.219736,-10.7838,-5.01645,-2.15324,1.04063,-12.5587,-0.078772,7.78201,-9.88084,-5.54858,-4.30419,20.2191,-7.75819,3.84653,8.21131,-3.65065,1.20242,2.38045e-14,-7.95139e-15,-45.578,-7.27431,-78.3394,18.955,14.8729,-8.45855,22.019,7.12502,17.4676,-7.21623,2.38045e-14,-7.95139e-15,-35.8563,8.8999,83.5484,24.9406,-1.32129,-5.1281,17.6627,7.12502,20.6703,46.5819,-31.373,14.9982,11.7963,35.5255,-7.74599,-11.4594,30.6217,16.2917,-5.28948,-29.482,23.1447,-3.048,1.51357,-13.5725
1.23451,15.7231,30.2538,1.12976,1.54392,6.67559,13.0159,-0.247694,-10.6763,-5.07103,-2.18191,0.99401,-12.6286,-0.096711,7.67611,-9.86688,-5.5579,-4.23042,20.3894,-7.79537,3.85,8.26458,-3.6612,1.18655,-1.46107e-14,9.54166e-15,-45.6487,-7.11833,-78.5788,19.1474,14.5772,-8.78481,22.2367,7.12502,17.1536,-7.02615,-1.46107e-14,9.54166e-15,-36.2291,8.84873,83.3168,24.507,-1.36878,-4.97493,17.3981,7.12502,20.8175,46.3013,-30.8744,15.0202,12.284,36.1192,-7.99292,-11.4961,29.2526,14.9852,-4.38085,-28.7966,25.7481,-1.27166,0.800672,-13.6954
1.19969,15.7326,30.4055,1.07562,1.58661,6.3312,13.0206,-0.264122,-10.3488,-5.15475,-2.14494,1.03013,-12.7398,-0.0937457,7.52449,-9.98641,-5.63248,-4.26312,20.6936,-7.91515,3.89309,8.39748,-3.71119,1.18692,-2.5842e-15,-4.77083e-15,-45.6439,-7.23051,-78.6209,19.188,14.515,-8.59472,22.2944,7.12502,17.3365,-6.95244,-2.5842e-15,-4.77083e-15,-36.6513,9.22711,82.8687,24.1389,-1.76945,-4.44576,17.6933,7.12502,21.3259,46.5399,-30.3457,15.153,13.0469,36.4988,-8.34794,-11.5371,28.5566,13.5414,-3.59825,-27.8504,28.5434,0.472198,0.231204,-11.0558
1.16483,15.7406,30.5525,1.04591,1.70726,6.03314,12.8687,-0.319209,-10.0853,-5.08803,-2.14372,1.07287,-12.5701,-0.126891,7.41297,-10.2104,-5.66053,-4.32135,20.7753,-7.95548,3.96606,8.47364,-3.72265,1.20881,7.35503e-15,1.19271e-14,-45.2982,-7.20561,-78.8206,19.2374,14.2836,-8.47551,22.3552,7.12502,17.4513,-6.88147,7.35503e-15,1.19271e-14,-36.7988,9.85695,82.4111,23.842,-2.33315,-4.17605,17.9689,7.12502,21.5849,46.7859,-29.7008,15.1461,13.7543,36.6729,-8.78733,-11.4225,28.0845,11.9726,-2.87091,-26.9639,31.5057,2.24979,-0.483457,-9.77036
1.12995,15.7498,30.694,1.0178,1.89961,5.64511,12.4536,-0.398324,-9.73559,-4.77654,-2.11397,1.14879,-11.9622,-0.188757,7.26367,-10.6311,-5.70341,-4.24587,20.6277,-8.00001,3.94453,8.49859,-3.7335,1.1732,-7.65321e-15,-3.10104e-14,-44.6151,-6.97932,-79.2681,19.483,13.8209,-8.7016,22.5118,7.12502,17.2337,-6.74406,-7.65321e-15,-3.10104e-14,-36.3354,10.3523,82.1564,23.3635,-2.77128,-4.06395,17.9348,7.12502,21.6925,46.7395,-28.9954,15.2342,14.5255,36.7232,-9.27064,-11.5791,27.0492,10.3714,-2.37161,-26.0475,34.4884,4.40842,-0.907853,-7.29981
1.09852,15.7619,30.8426,0.973462,2.16516,5.3519,12.4638,-0.479078,-9.43588,-4.82276,-2.16971,1.18264,-12.0134,-0.232083,7.14411,-10.6435,-5.77069,-4.23725,20.7476,-8.09623,3.91851,8.54441,-3.77939,1.15079,5.61567e-15,1.27222e-14,-44.5568,-6.5447,-79.6992,19.7966,13.2347,-8.98964,22.7162,7.12502,16.9564,-6.56369,5.61567e-15,1.27222e-14,-36.5683,10.3954,81.9959,23.0124,-2.8741,-4.21206,18.0669,7.12502,21.5503,46.8879,-28.1679,15.0712,15.2124,36.6738,-9.63268,-11.6426,26.3339,8.74611,-2.14043,-25.3665,37.4806,6.69057,-0.5059,-2.01427
1.06887,15.7753,30.9942,0.9122,2.47171,5.06213,12.4451,-0.590288,-9.17668,-4.88147,-2.26473,1.27253,-12.0519,-0.288544,7.11821,-10.451,-5.7949,-4.37597,20.6702,-8.11635,3.96187,8.49195,-3.79971,1.1918,6.95746e-16,1.43125e-14,-44.4587,-5.77401,-80.2153,20.0504,12.3853,-9.22809,22.8055,7.12502,16.7269,-6.49392,6.95746e-16,1.43125e-14,-36.929,10.6218,81.7977,22.6676,-3.08224,-4.33422,18.0317,7.12502,21.433,46.8661,-27.2307,14.752,15.9017,36.4839,-9.9799,-11.5905,25.1295,7.09515,-1.87816,-24.6779,40.4623,8.75687,-0.216349,0.886764
1.0355,15.7923,31.1327,0.934543,2.77686,4.62613,12.5147,-0.670995,-8.79779,-4.96916,-2.30844,1.35493,-12.1906,-0.323532,7.01002,-10.3231,-5.79489,-4.2764,20.6341,-8.12682,3.91076,8.45011,-3.80483,1.16173,-3.06128e-14,3.97569e-15,-44.416,-5.2703,-80.6589,20.4872,11.7206,-9.21979,22.6539,7.12502,16.7349,-6.64483,-3.06128e-14,3.97569e-15,-37.2152,10.6596,81.5617,22.3436,-3.23504,-4.42392,17.9593,7.12502,21.3468,46.8035,-26.4135,14.5912,16.7052,36.1914,-10.2469,-11.7682,24.6573,5.25461,-1.71997,-23.8077,43.4168,10.8982,0.0531967,3.44268
1.00392,15.8102,31.267,0.959615,3.08463,4.06207,12.4671,-0.732324,-8.27076,-4.91819,-2.27874,1.46013,-12.1135,-0.35252,6.81638,-10.2717,-5.79205,-4.15112,20.4342,-8.13636,3.90945,8.36804,-3.80277,1.14337,4.32357e-15,9.54166e-15,-44.1182,-4.95666,-81.0103,20.9396,11.0978,-9.08818,22.3692,7.12502,16.8616,-6.91872,4.32357e-15,9.54166e-15,-37.1902,10.9564,81.3211,22.04,-3.78446,-4.44339,17.9881,7.12502,21.3281,46.8345,-25.5457,14.4119,17.6217,35.7139,-10.3954,-11.9535,24.2135,3.38112,-1.55701,-22.8099,46.3609,13.2458,0.736158,6.92478
0.973749,15.8223,31.3991,0.947464,3.2599,3.5789,12.4668,-0.77245,-7.93851,-4.90063,-2.25598,1.61315,-12.0977,-0.361769,6.79264,-10.3208,-5.81243,-4.23782,20.4674,-8.16647,3.99296,8.39711,-3.81397,1.1799,-3.72721e-14,1.55052e-14,-43.869,-4.39446,-81.4079,21.4115,10.2325,-8.83861,21.7051,7.12502,17.1018,-7.56224,-3.72721e-14,1.55052e-14,-37.2682,11.4488,81.018,21.6907,-4.59457,-4.3322,17.8701,7.12502,21.4349,46.7043,-24.6418,14.2736,18.4467,35.1097,-10.6046,-11.9372,23.8333,1.55764,-1.16661,-21.9409,49.2305,15.6597,1.5466,8.81409
0.941458,15.8409,31.5263,0.885579,3.39337,2.82539,12.6749,-0.788132,-7.39476,-4.98307,-2.17343,1.85058,-12.3358,-0.337588,6.74404,-10.4102,-5.92038,-4.36599,20.5947,-8.31181,4.06056,8.47209,-3.88261,1.20277,-1.02871e-14,-1.23246e-14,-43.8323,-3.90212,-81.6602,21.8703,9.60728,-8.36704,20.9945,7.12502,17.5556,-8.2329,-1.02871e-14,-1.23246e-14,-37.4864,11.8873,80.7333,21.4006,-5.22506,-4.47237,17.7632,7.12502,21.3003,46.6127,-23.6761,14.2074,19.5949,34.4606,-10.88,-11.8904,23.4583,-0.354183,-0.618324,-20.7396,52.01,18.2506,2.11187,8.93085
0.910615,15.8598,31.6527,0.782816,3.54315,2.29442,12.8284,-0.745572,-6.98172,-4.99873,-2.04063,1.96086,-12.4737,-0.29425,6.61058,-10.4606,-6.04396,-4.35356,20.6937,-8.48635,4.04392,8.52177,-3.96333,1.17294,-8.79622e-15,-4.77083e-15,-43.6868,-3.78119,-81.7729,22.2308,9.34465,-8.04799,20.5518,7.12502,17.8627,-8.64789,-8.79622e-15,-4.77083e-15,-37.5659,11.9003,80.6076,21.1628,-5.44164,-4.52285,17.8522,7.12502,21.2518,46.7071,-22.7354,14.1686,20.4973,33.9779,-11.1763,-11.9141,23.2687,-2.18861,-0.230657,-19.8203,54.5656,20.2853,3.78071,14.2412
0.890325,15.8769,31.7837,0.815798,3.73045,2.33883,12.8063,-0.722775,-6.99307,-5.04506,-2.0172,1.91416,-12.5193,-0.280986,6.56004,-10.2904,-6.06426,-4.30533,20.6035,-8.51328,3.99352,8.4568,-3.98137,1.15169,1.18774e-14,-2.82274e-14,-43.585,-3.53206,-81.9172,22.6787,9.0154,-8.04527,20.3515,7.12502,17.8653,-8.84792,1.18774e-14,-2.82274e-14,-37.7047,11.9533,80.5093,20.8997,-5.57109,-4.7936,17.5877,7.12502,20.9917,46.4717,-21.9938,13.9357,20.6867,33.649,-11.5617,-11.868,22.7435,-3.87468,-0.0673288,-19.6933,56.833,20.784,6.27048,22.3895
0.88311,15.8918,31.9155,0.898205,4.03862,2.92146,12.7264,-0.73152,-7.42161,-5.06153,-2.12473,1.71173,-12.4707,-0.309759,6.59814,-10.0296,-6.07546,-4.30633,20.3992,-8.53638,4.03952,8.34348,-3.99492,1.17484,-2.18663e-14,-7.95139e-15,-43.3363,-3.12685,-82.1172,23.0588,8.56048,-7.99978,20.2218,7.12502,17.909,-8.9736,-2.18663e-14,-7.95139e-15,-37.867,12.0015,80.4852,20.9153,-5.69548,-4.92634,17.5195,7.12502,20.8642,46.4176,-21.3437,13.0591,20.2201,33.474,-11.7775,-11.2354,22.3639,-5.40751,-0.0548705,-20.3686,58.8682,20.4312,7.87761,27.2042
0.870981,15.9047,32.0356,0.995378,4.17686,3.13516,12.6005,-0.698471,-7.62167,-4.98455,-2.11111,1.64145,-12.3063,-0.30238,6.62166,-10.1125,-6.12721,-4.30641,20.3158,-8.59808,4.03183,8.33304,-4.02388,1.16362,-1.13059e-14,-2.50469e-14,-42.8262,-2.85426,-82.2662,23.3259,8.23749,-8.05992,20.0411,7.12502,17.8512,-9.1596,-1.13059e-14,-2.50469e-14,-37.7651,12.1351,80.5041,21.0039,-5.72826,-4.96048,17.8019,7.12502,20.8314,46.7036,-20.8653,12.5839,20.1595,33.3737,-11.9506,-10.9972,21.4135,-7.1423,0.285313,-20.5724,60.874,20.0092,7.75513,26.4549
0.846742,15.912,32.15,0.920024,4.19238,2.8555,12.6934,-0.612564,-7.51893,-4.92098,-1.97227,1.72601,-12.3122,-0.241942,6.62983,-10.3111,-6.24129,-4.41398,20.4171,-8.75598,4.1279,8.42054,-4.09187,1.18745,-1.90585e-14,-2.38542e-15,-42.4687,-2.56119,-82.4375,23.5454,7.50838,-8.43465,20.3976,7.12502,17.4906,-8.83556,-1.90585e-14,-2.38542e-15,-37.7348,12.4351,80.3595,20.9736,-5.94988,-4.92274,17.8367,7.12502,20.8676,46.7344,-20.2418,12.6623,20.7185,33.23,-12.3058,-11.1016,21.1328,-8.87336,0.889889,-20.0572,62.9198,18.8738,6.70418,24.511
0.83101,15.9216,32.2769,0.84881,4.1862,2.8033,12.653,-0.52752,-7.49871,-4.89804,-1.85203,1.70683,-12.2829,-0.190005,6.56772,-10.1692,-6.32087,-4.5527,20.365,-8.8764,4.27943,8.39685,-4.14758,1.2514,1.43125e-14,1.15295e-14,-42.2189,-2.30894,-82.6052,23.6772,6.92094,-8.87281,20.8512,7.12502,17.0689,-8.41893,1.43125e-14,1.15295e-14,-37.8482,12.6576,80.1769,20.924,-6.07508,-4.83593,17.7779,7.12502,20.951,46.6664,-19.4975,12.5234,20.9938,32.9934,-12.7036,-10.8339,21.1967,-10.3385,1.43674,-19.9513,64.7593,17.0428,5.293,22.3233
0.818627,15.9286,32.393,0.817827,4.0939,2.84906,12.6704,-0.397862,-7.54711,-4.84779,-1.69321,1.63877,-12.2641,-0.117021,6.48325,-10.0695,-6.39885,-4.53915,20.2169,-8.99921,4.35713,8.33797,-4.2006,1.26584,-1.44864e-14,8.74653e-15,-41.8606,-2.1417,-82.7186,24.017,6.99897,-8.85768,20.616,7.12502,17.0834,-8.6529,-1.44864e-14,8.74653e-15,-37.7684,12.7174,80.1083,20.841,-6.01107,-4.61875,17.9905,7.12502,21.1597,46.8558,-18.8698,12.5326,21.1338,32.7776,-13.0591,-10.6121,21.5949,-11.7708,2.07013,-20.0069,66.3706,15.0263,3.65071,18.2545
0.799277,15.9289,32.5021,0.691312,3.97967,2.71609,12.8532,-0.23882,-7.47648,-4.76801,-1.4808,1.6145,-12.3202,-0.0226703,6.37341,-10.0494,-6.54055,-4.64689,20.1235,-9.20722,4.52088,8.32683,-4.2924,1.31524,2.61153e-14,-3.26007e-14,-41.5154,-2.5531,-82.4873,24.4411,7.71544,-8.68283,20.5332,7.12502,17.2517,-8.72104,2.61153e-14,-3.26007e-14,-37.6634,12.5166,80.1688,20.8871,-5.71361,-4.44284,18.0859,7.12502,21.3287,46.9321,-18.2159,12.7383,21.5285,32.5906,-13.3239,-10.8048,21.3683,-13.1927,2.7,-19.752,67.7597,13.0604,2.48399,16.3266
0.786862,15.9346,32.6277,0.632947,4.06562,3.03374,12.7181,-0.172172,-7.78446,-4.65046,-1.44494,1.48982,-12.1095,-0.00256897,6.39332,-10.7145,-6.62287,-4.53478,20.6395,-9.30528,4.32613,8.61226,-4.32836,1.19336,7.50412e-15,5.1684e-15,-41.0599,-2.14132,-82.6897,24.6849,7.17951,-8.72108,20.3329,7.12502,17.2149,-8.92455,7.50412e-15,5.1684e-15,-37.6255,12.4376,80.2327,21.0398,-5.18247,-4.58194,17.9587,7.12502,21.195,46.82,-17.479,12.3879,21.3934,32.4112,-13.5333,-10.6811,20.7688,-14.432,2.92767,-20.1969,68.755,11.1575,1.92063,15.1878
0.778352,15.9457,32.7429,0.658496,4.10561,3.13893,12.7084,-0.0943354,-7.82812,-4.61316,-1.35609,1.39687,-12.0776,0.0353141,6.29307,-10.3906,-6.65403,-4.67887,20.3175,-9.37184,4.59008,8.46808,-4.35542,1.31071,2.5345e-15,-9.54166e-15,-40.6375,-1.40443,-83.0855,24.8044,6.29739,-8.91984,20.2889,7.12502,17.0236,-8.9852,2.5345e-15,-9.54166e-15,-37.5894,12.1527,80.3618,21.3723,-4.4108,-4.4175,18.2545,7.12502,21.353,47.098,-16.8212,12.1097,21.4418,32.1176,-13.6899,-10.4443,20.3766,-15.8926,3.20681,-20.4743,69.6314,9.60851,1.24608,10.9531
0.763216,15.9492,32.84,0.692002,4.06397,2.92777,12.9316,0.0260398,-7.61282,-4.62319,-1.17854,1.3628,-12.2554,0.110285,6.09985,-10.2583,-6.77244,-4.6937,20.081,-9.55759,4.74276,8.38251,-4.43524,1.34916,4.32357e-15,1.19271e-14,-40.2935,-1.01583,-83.397,24.9395,5.41165,-9.46612,20.8236,7.12502,16.4977,-8.49503,4.32357e-15,1.19271e-14,-37.3901,11.893,80.4169,21.3862,-3.86016,-4.15902,18.4018,7.12502,21.6012,47.217,-16.2294,12.3486,21.8593,31.7121,-13.9268,-10.5456,20.4913,-17.502,3.6014,-20.3158,70.4587,8.37705,0.766568,9.35821
0.74004,15.9501,32.9463,0.562269,3.97709,2.5281,13.0612,0.132115,-7.37283,-4.55835,-0.990304,1.45056,-12.2888,0.184642,6.02072,-10.1724,-6.86224,-4.75053,19.98,-9.67703,4.78187,8.34422,-4.49516,1.36151,-1.27222e-14,-5.96354e-15,-39.9525,-0.730395,-83.5488,25.1933,4.90734,-9.82826,21.0763,7.12502,16.149,-8.2709,-1.27222e-14,-5.96354e-15,-37.3153,11.916,80.3584,21.3807,-3.74498,-3.95499,18.3438,7.12502,21.7972,47.1363,-15.3618,12.7491,22.5859,31.2064,-14.1848,-10.9309,20.3018,-18.7694,4.05299,-19.8331,71.1005,7.2628,0.279171,12.2663
0.70881,15.9451,33.0596,0.295146,3.7856,1.89505,13.2119,0.287227,-7.09955,-4.44897,-0.716354,1.6524,-12.2957,0.300216,6.02954,-10.1498,-6.91771,-4.75376,19.9699,-9.75415,4.78619,8.34125,-4.53177,1.35555,1.36664e-15,-1.27222e-14,-39.5681,-0.898391,-83.3968,25.5082,5.44538,-9.76316,20.6213,7.12502,16.2117,-8.72081,1.36664e-15,-1.27222e-14,-37.3587,11.8212,80.3823,21.6719,-3.56466,-3.73786,18.4289,7.12502,22.0057,47.1971,-14.4132,13.3841,23.6569,30.7835,-14.4482,-11.486,19.8057,-19.8635,4.64018,-18.9956,71.5821,6.09549,-0.31276,15.0112
0.694586,15.942,33.1711,0.229871,3.67712,1.63377,13.254,0.4173,-6.86082,-4.39425,-0.499868,1.64438,-12.291,0.381449,5.83322,-10.1427,-6.97997,-4.78553,19.9357,-9.86302,4.92675,8.34349,-4.57236,1.39501,-4.89507e-15,1.15295e-14,-39.1994,-1.21268,-83.2505,25.8151,6.00913,-9.48712,20.3178,7.12502,16.4775,-9.00246,-4.89507e-15,1.15295e-14,-37.3139,11.4962,80.4718,21.966,-3.23393,-3.68466,18.731,7.12502,22.0567,47.4932,-13.7475,13.4051,24.166,30.5048,-14.5572,-11.5285,19.5798,-21.0535,4.99049,-18.8154,71.7423,4.78777,-0.620572,15.2215
0.697948,15.944,33.2747,0.473736,3.77814,1.97599,13.1527,0.456947,-6.95495,-4.44277,-0.480066,1.44996,-12.2901,0.389356,5.66317,-10.1109,-7.03158,-4.8576,19.874,-9.94272,5.03947,8.33131,-4.60585,1.4362,2.26118e-15,7.95139e-15,-38.7067,-1.24231,-83.2166,25.7802,6.03093,-9.49917,20.3746,7.12502,16.4659,-8.94659,2.26118e-15,7.95139e-15,-37.2723,11.3095,80.5403,22.0916,-2.72004,-3.75839,18.8348,7.12502,21.986,47.6053,-13.4431,12.8564,23.8253,30.342,-14.665,-11.1398,19.5324,-22.4135,4.91957,-19.5627,71.5778,3.34374,-0.425198,15.4913
0.696293,15.9418,33.3791,0.628765,3.80149,2.12394,13.1589,0.519104,-6.98422,-4.53067,-0.416037,1.35322,-12.4058,0.42447,5.55828,-9.91768,-7.07375,-4.87949,19.7901,-9.99079,5.00228,8.26983,-4.63918,1.42997,9.30561e-15,9.54166e-15,-38.3798,-0.851512,-83.3321,25.8236,5.66858,-10.2306,21.2129,7.12502,15.7616,-8.16531,9.30561e-15,9.54166e-15,-37.4764,11.0389,80.7125,22.3905,-1.9049,-4.20454,18.9077,7.12502,21.5575,47.7279,-13.1375,12.7398,23.7716,30.3278,-15.0451,-11.0031,18.9148,-23.6263,4.96626,-19.9992,71.2515,1.88717,-0.444164,14.8269
0.688238,15.9439,33.4907,0.743446,3.86127,2.02618,13.0429,0.565676,-6.86284,-4.53883,-0.323646,1.34496,-12.3577,0.45607,5.45583,-9.84711,-7.12381,-4.97337,19.7158,-10.0591,5.0874,8.24562,-4.67265,1.46843,9.64106e-15,1.66979e-14,-38.1177,-0.61398,-83.3951,26.1551,5.29853,-11.5535,22.6802,7.12502,14.4872,-6.79404,9.64106e-15,1.66979e-14,-37.5793,11.0553,80.743,22.7356,-1.59211,-4.44249,18.724,7.12502,21.329,47.5702,-12.8046,12.7177,24.0311,30.4043,-15.5978,-10.982,17.9226,-24.8136,4.98761,-20.1146,70.7705,0.625221,-0.707472,12.9482
0.680198,15.9458,33.6021,0.897393,4.10477,2.23456,12.922,0.560922,-7.03468,-4.51539,-0.36166,1.25428,-12.2538,0.441734,5.45874,-9.99079,-7.17323,-5.0592,19.7365,-10.1329,5.20586,8.29402,-4.69859,1.50688,-2.23633e-16,3.18055e-15,-37.752,-0.569075,-83.3758,26.4478,5.25171,-12.2773,23.3629,7.12502,13.7898,-6.16006,-2.23633e-16,3.18055e-15,-37.5436,11.0443,80.7592,23.0457,-1.26662,-4.50327,18.3981,7.12502,21.2706,47.2509,-12.4591,12.329,23.9258,30.4388,-16.0138,-10.9309,16.9776,-25.8677,4.66264,-20.6022,70.046,-0.720703,-0.781886,12.8284
0.67415,15.9388,33.7098,0.985365,4.29303,2.36078,12.9486,0.567593,-7.14025,-4.52712,-0.380901,1.19527,-12.2818,0.439465,5.45821,-10.0354,-7.20778,-4.99301,19.7585,-10.163,5.07202,8.3002,-4.71919,1.44709,3.00662e-15,-6.75868e-15,-37.5031,-0.519964,-83.3262,26.8278,5.12595,-12.1539,23.182,7.12502,13.9087,-6.33289,3.00662e-15,-6.75868e-15,-37.5583,10.619,80.983,23.3392,-0.549522,-4.69396,18.2314,7.12502,21.0874,47.1048,-12.0265,12.0091,23.9236,30.4079,-16.3658,-10.9008,15.959,-26.7354,4.35985,-20.9618,69.1788,-2.18366,-0.920615,13.8672
0.67362,15.9332,33.8133,1.0249,4.44321,2.14946,13.0867,0.582471,-6.80763,-4.57005,-0.31272,1.19364,-12.4211,0.452467,5.25371,-9.98921,-7.26318,-4.96035,19.7332,-10.231,5.00478,8.28162,-4.7566,1.41408,-2.73329e-16,6.95746e-15,-37.3436,-0.180524,-83.455,27.1941,4.40788,-11.6734,22.5738,7.12502,14.3717,-6.9087,-2.73329e-16,6.95746e-15,-37.6373,10.3175,81.1107,23.5662,-0.30917,-4.79307,18.0501,7.12502,20.9922,46.934,-11.6153,11.7864,24.2804,30.3731,-16.627,-10.9598,14.9579,-27.7133,4.11119,-20.937,68.2716,-3.41224,-0.954431,14.7854
0.666758,15.9339,33.9242,1.05481,4.55145,2.00441,13.1661,0.635982,-6.66833,-4.63259,-0.22485,1.17684,-12.5526,0.489038,5.13693,-9.78234,-7.344,-4.9322,19.6435,-10.3558,5.02906,8.22074,-4.81722,1.4123,-8.95773e-15,1.78906e-15,-37.2685,0.0988469,-83.5956,27.5708,3.71938,-10.7709,21.546,7.12502,15.2412,-7.87257,-8.95773e-15,1.78906e-15,-37.7692,10.1476,81.1171,23.7649,-0.317085,-4.90717,18.0194,7.12502,20.8826,46.9154,-11.105,11.7757,24.5981,30.2377,-16.9056,-11.0379,15.3099,-28.62,3.86974,-20.9586,67.1911,-4.47491,-0.842201,13.558
0.65763,15.9288,34.0318,1.12123,4.5931,1.9858,13.1676,0.693995,-6.76147,-4.59906,-0.160989,1.19265,-12.5256,0.525426,5.1923,-9.8284,-7.44378,-5.04711,19.5958,-10.4823,5.0924,8.23026,-4.87875,1.43541,6.70898e-16,6.36111e-15,-36.9706,0.0965092,-83.4754,28.0326,3.97181,-10.8349,21.4712,7.12502,15.1795,-7.95199,6.70898e-16,6.36111e-15,-37.7567,9.88727,81.2742,24.1052,-0.20936,-4.80597,18.0482,7.12502,20.9798,46.9335,-10.576,11.9208,24.7972,30.0282,-17.2669,-11.1395,15.93,-29.5669,3.6153,-21.1019,65.9796,-5.18796,-0.675665,11.6991
0.660135,15.9374,34.1365,1.20798,4.68496,2.05057,13.2912,0.688738,-6.74024,-4.60137,-0.178503,1.14927,-12.6001,0.516309,5.13776,-9.89568,-7.47634,-5.09892,19.5428,-10.5196,5.12978,8.23187,-4.89577,1.44949,-2.01021e-14,1.98785e-15,-36.6557,0.253448,-83.4324,28.3281,4.25305,-11.6256,22.18,7.12502,14.4178,-7.29926,-2.01021e-14,1.98785e-15,-37.7277,9.83428,81.339,24.4393,-0.266362,-4.89482,17.9848,7.12502,20.8945,46.8795,-10.051,11.8507,24.8188,29.7237,-17.5469,-11.0816,15.984,-30.4111,3.04556,-21.3477,64.5435,-5.74394,-0.339817,11.5311
0.666518,15.94,34.235,1.33646,4.64933,1.98138,13.3373,0.715382,-6.58544,-4.61284,-0.118292,1.14391,-12.6476,0.534094,5.02985,-9.84001,-7.4596,-5.07037,19.3559,-10.4938,5.14505,8.15702,-4.88418,1.45738,-4.07509e-15,1.53064e-14,-36.2767,0.635309,-83.5112,28.4942,4.01928,-11.8825,22.2555,7.12502,14.1702,-7.24118,-4.07509e-15,1.53064e-14,-37.5822,9.73822,81.4704,24.5396,-0.260459,-5.07458,18.0039,7.12502,20.7218,46.9175,-9.61524,11.8799,24.9643,29.3689,-17.5424,-11.3056,14.5878,-31.1328,2.52694,-21.3993,63.0149,-6.31801,-0.0707319,13.1322
0.667005,15.9313,34.3359,1.34569,4.63046,1.51435,13.1873,0.739356,-6.12143,-4.4411,0.0294276,1.27201,-12.3719,0.558189,4.86883,-9.84637,-7.382,-4.99211,19.0614,-10.3784,5.14679,8.04908,-4.82802,1.46208,-6.75868e-15,5.36719e-15,-35.6402,0.895606,-83.478,28.6818,3.8847,-11.8239,21.9413,7.12502,14.2267,-7.55144,-6.75868e-15,5.36719e-15,-37.1381,9.93686,81.5164,24.4509,-0.465638,-5.0744,17.9837,7.12502,20.7219,46.8974,-8.99188,11.9933,25.6117,28.9096,-17.6045,-11.5436,13.7661,-31.7224,2.14714,-20.951,61.416,-6.91642,0.096407,13.7439
0.666322,15.9316,34.447,1.31541,4.68187,1.25011,13.2911,0.779627,-5.84597,-4.41964,0.134435,1.32753,-12.4197,0.59008,4.74963,-9.87174,-7.53403,-5.24074,19.0358,-10.5844,5.3449,8.08222,-4.9242,1.54156,-4.32357e-15,1.19271e-15,-35.4895,0.896571,-83.356,29.1496,4.00063,-11.688,21.7784,7.12502,14.3576,-7.70507,-4.32357e-15,1.19271e-15,-37.1305,9.70332,81.6471,24.6635,-0.383823,-4.97473,18.0779,7.12502,20.8177,46.9811,-8.21898,11.9225,26.038,28.3902,-17.7896,-11.5412,13.6348,-32.0935,1.62508,-20.6917,59.593,-7.54639,0.292202,13.2821
0.669173,15.9396,34.5617,1.47481,4.70291,1.2564,13.2074,0.795633,-5.85005,-4.46657,0.16066,1.33794,-12.4268,0.604739,4.75688,-9.97605,-7.5808,-5.29687,19.0793,-10.6316,5.31544,8.11982,-4.94993,1.53072,-2.12451e-15,-1.45113e-14,-35.3499,1.02653,-83.2906,29.4355,4.01986,-11.5681,21.4152,7.12502,14.4732,-8.06009,-2.12451e-15,-1.45113e-14,-37.1648,9.57758,81.7801,24.7736,-0.343227,-4.79685,18.2453,7.12502,20.9886,47.1296,-7.53898,11.8583,26.1069,27.7291,-17.754,-11.5863,13.7149,-32.4766,0.894377,-20.7148,57.6097,-8.05256,0.541038,12.2948
0.666528,15.9407,34.6711,1.50792,4.70488,1.1137,13.3217,0.816646,-5.8047,-4.52929,0.195002,1.38978,-12.5728,0.626853,4.78269,-9.93652,-7.59625,-5.28471,19.1873,-10.6451,5.22628,8.14371,-4.96297,1.49844,9.57894e-15,6.16232e-15,-35.1719,1.44326,-83.4221,29.5406,3.58699,-11.3105,21.0899,7.12502,14.7214,-8.36737,9.57894e-15,6.16232e-15,-37.2256,9.44154,81.8678,24.764,-0.203811,-4.69464,18.1775,7.12502,21.0868,47.0509,-6.70469,12.0045,26.4404,26.9975,-17.4558,-12.2323,12.0846,-32.7466,0.195914,-20.4811,55.5113,-8.3231,0.777774,11.8419
0.665337,15.9405,34.7782,1.41917,4.73208,0.714369,13.4385,0.82997,-5.46401,-4.46522,0.282179,1.48919,-12.5752,0.644427,4.67867,-9.98092,-7.5123,-5.14385,19.1225,-10.5492,5.23897,8.11721,-4.9063,1.4906,6.54747e-15,-3.57812e-15,-34.8329,1.97778,-83.5945,29.5531,3.06578,-10.9891,21.0093,7.12502,15.031,-8.42507,6.54747e-15,-3.57812e-15,-37.1398,9.26671,81.9632,24.8324,0.100745,-4.86718,17.8136,7.12502,20.921,46.7054,-5.72336,12.1829,27.0676,26.1853,-17.5542,-12.7412,11.0504,-32.9151,-0.507256,-19.9261,53.3642,-8.50112,1.07153,11.5087
0.677756,15.9569,34.8849,1.62778,4.89613,0.84067,13.3159,0.782029,-5.45339,-4.47746,0.222092,1.45377,-12.5068,0.611361,4.64629,-10.0413,-7.60183,-5.25843,19.0988,-10.6522,5.2552,8.13363,-4.96038,1.4999,1.32068e-14,1.11319e-14,-34.5094,2.54749,-83.6947,29.6164,2.69055,-11.1662,21.2336,7.12502,14.8603,-8.21348,1.32068e-14,1.11319e-14,-37.1919,9.33088,82.0421,25.0778,0.179994,-4.88216,17.9305,7.12502,20.9066,46.8239,-4.94497,11.8183,26.9197,25.2382,-17.7826,-12.4146,11.6629,-33.1855,-1.6073,-19.9594,51.0686,-8.67352,1.67838,11.5449
0.685747,15.9725,34.9842,1.83132,4.98105,0.852617,13.3916,0.764446,-5.38203,-4.61032,0.202978,1.4374,-12.7022,0.605548,4.59432,-9.84423,-7.48119,-5.10785,18.9682,-10.4816,5.11929,8.02845,-4.8883,1.4609,1.98039e-14,-1.07344e-14,-34.3992,2.59098,-83.567,29.8753,2.79024,-10.9047,21.4049,7.12502,15.1123,-8.02338,1.98039e-14,-1.07344e-14,-37.4177,9.32418,82.0559,25.2748,0.0769485,-4.77788,18.151,7.12502,21.0068,47.0334,-4.12631,11.8064,26.957,24.1482,-17.9301,-12.1564,13.2454,-33.4664,-2.76814,-19.7468,48.7689,-8.78396,2.37485,12.0694
0.687513,15.982,35.0935,1.85593,4.94794,0.631471,13.4657,0.771288,-5.24857,-4.66933,0.241752,1.51841,-12.8189,0.622625,4.60084,-9.74548,-7.42502,-5.00257,18.9832,-10.4022,5.00108,7.99863,-4.85624,1.41858,-8.34896e-15,-1.19271e-14,-34.2447,2.65789,-83.4539,30.0974,3.06584,-10.1596,20.8824,7.12502,15.8299,-8.49043,-8.34896e-15,-1.19271e-14,-37.5039,9.28557,82.0775,25.2361,0.107968,-4.8708,17.9143,7.12502,20.9175,46.8065,-3.09547,12.042,27.3468,23.031,-17.9858,-12.351,13.2283,-33.4641,-3.81906,-19.2062,46.4774,-8.87938,2.84869,11.8177
0.697575,15.9917,35.2112,1.93896,5.00323,0.483791,13.2418,0.734576,-5.08645,-4.62611,0.242737,1.58408,-12.6307,0.606226,4.57817,-9.74445,-7.39663,-5.00067,18.9132,-10.3475,4.95048,7.96925,-4.83584,1.40889,1.28713e-14,-6.36111e-15,-33.8973,2.88777,-83.3606,30.1536,3.23629,-9.79533,20.5954,7.12502,16.1807,-8.74927,1.28713e-14,-6.36111e-15,-37.4275,9.33705,82.1523,25.2263,0.0808709,-4.92335,17.772,7.12502,20.8671,46.6698,-2.06758,11.9493,27.5716,21.912,-17.9252,-12.5525,12.7449,-33.4171,-4.98872,-18.7331,44.1875,-9.19869,3.37753,11.4519
0.707885,16.0022,35.3215,2.06344,4.98956,0.47162,13.0829,0.766855,-5.01609,-4.57987,0.306663,1.57291,-12.4873,0.624389,4.50792,-9.78552,-7.44167,-5.04927,18.8485,-10.4001,4.97486,7.9621,-4.86176,1.41777,4.7025e-15,7.55382e-15,-33.6143,3.06704,-83.3629,30.3359,2.96219,-10.0517,20.6227,7.12502,15.9339,-8.74187,4.7025e-15,7.55382e-15,-37.2732,9.37788,82.2044,25.2244,0.00310786,-4.78211,17.6656,7.12502,21.0027,46.5484,-1.11006,11.9305,27.6395,20.7527,-17.6954,-12.7472,12.3403,-33.3699,-6.21981,-18.3356,41.902,-9.56819,4.25227,11.341
0.712596,16.0161,35.436,2.15751,4.9549,0.685109,13.0265,0.820966,-5.34543,-4.60308,0.319998,1.55263,-12.4881,0.656531,4.66995,-9.72935,-7.50355,-5.18101,18.8457,-10.4826,5.0594,7.96788,-4.90341,1.45885,5.82688e-15,-9.74045e-15,-33.5045,3.36207,-83.3998,30.6197,2.42368,-10.1302,20.3281,7.12502,15.8582,-9.04253,5.82688e-15,-9.74045e-15,-37.3145,9.38615,82.2667,25.1637,-0.0413549,-4.71625,17.8499,7.12502,21.066,46.7257,-0.0623301,12.1656,27.5432,19.5471,-17.5644,-13.0738,12.1269,-33.2884,-7.37879,-18.1801,39.6575,-9.59328,5.31976,10.3907
0.722393,16.0293,35.5528,2.33363,5.02779,0.795469,12.893,0.798653,-5.50644,-4.7015,0.268573,1.56978,-12.5176,0.649543,4.79296,-9.70656,-7.53939,-5.23118,18.9075,-10.5143,4.98965,7.98502,-4.92791,1.44059,7.72775e-15,7.55382e-15,-33.4416,3.66051,-83.3552,30.7011,2.37569,-10.1735,20.2484,7.12502,15.8166,-9.1255,7.72775e-15,7.55382e-15,-37.4864,9.42752,82.3328,25.1895,0.0114621,-4.48406,18.159,7.12502,21.2891,47.0098,0.955885,11.9755,27.4656,18.2867,-17.4652,-13.1383,11.3285,-33.4219,-8.68194,-17.8722,37.5356,-9.4631,6.55323,8.642
0.728476,16.0367,35.6558,2.53818,5.13766,0.486176,12.7595,0.744568,-5.23244,-4.71811,0.260749,1.64464,-12.4502,0.625913,4.72039,-9.83491,-7.54837,-5.03852,18.8862,-10.5272,4.86329,7.98361,-4.92981,1.36313,6.32384e-15,2.00773e-14,-33.0725,3.64657,-83.29,30.6568,2.71963,-10.1312,20.3198,7.12502,15.8573,-9.05088,6.32384e-15,2.00773e-14,-37.3773,9.17782,82.447,25.133,0.287888,-4.57761,18.1643,7.12502,21.1992,47.0252,1.92349,11.8328,27.8602,16.8999,-17.2462,-13.2511,10.0506,-33.7411,-9.9418,-16.9877,35.5937,-9.3606,7.72051,7.69109
0.740434,16.0457,35.7712,2.65709,5.15359,0.411079,12.6776,0.741059,-5.16518,-4.77,0.273955,1.6648,-12.4609,0.629403,4.70109,-9.71857,-7.55387,-5.02555,18.8222,-10.5376,4.86231,7.94121,-4.93745,1.36511,-2.21396e-14,-5.96354e-15,-33.0155,3.81625,-83.3046,30.8073,2.53368,-10.3095,20.1419,7.12502,15.6856,-9.24236,-2.21396e-14,-5.96354e-15,-37.5173,9.12077,82.4534,25.1464,0.321286,-4.68544,17.9723,7.12502,21.0956,46.8448,3.20328,11.6918,27.9718,15.2061,-16.797,-13.2541,9.30296,-33.8573,-11.2901,-16.372,33.9285,-9.40933,9.02779,8.15277
0.761569,16.0591,35.9069,2.78017,5.15602,0.709242,12.2126,0.745695,-5.34419,-4.69669,0.264594,1.57652,-12.096,0.620607,4.70106,-9.686,-7.54561,-5.06931,18.729,-10.518,4.88443,7.90711,-4.93114,1.38385,-1.50455e-14,-2.38542e-15,-32.8135,4.08946,-83.289,30.8123,2.03307,-10.3598,20.3249,7.12502,15.6372,-9.06309,-1.50455e-14,-2.38542e-15,-37.4481,9.27513,82.4507,25.0584,-0.00938161,-4.63272,18.2417,7.12502,21.1463,47.1085,4.73557,11.1603,27.5731,13.2896,-16.0216,-12.9943,8.52621,-33.8787,-12.7122,-16.2486,32.5459,-9.746,10.5361,9.91036
0.771288,16.0642,36.0254,2.76882,4.91165,0.501938,12.2212,0.799378,-5.30054,-4.76164,0.355778,1.6883,-12.1882,0.670839,4.78066,-9.57246,-7.47405,-5.0789,18.8061,-10.4136,4.821,7.90359,-4.88944,1.3799,4.46023e-15,-6.75868e-15,-32.8783,4.57527,-83.3131,30.9148,1.86766,-10.2738,20.3279,7.12502,15.72,-9.05366,4.46023e-15,-6.75868e-15,-37.6189,9.44339,82.3968,25.0003,-0.229973,-4.40044,18.6149,7.12502,21.3694,47.4566,6.29317,11.3091,27.8888,11.3329,-15.272,-13.1279,7.96994,-34,-13.9738,-15.4414,31.3634,-10.3963,12.071,13.0317
0.771857,16.062,36.1204,2.68586,4.57931,-0.0908081,12.4732,0.889334,-4.99269,-4.73824,0.541766,1.89263,-12.3344,0.749392,4.79175,-9.95616,-7.45661,-4.88925,19.032,-10.3802,4.62462,8.02412,-4.86695,1.27208,-1.9133e-15,2.5842e-15,-32.5904,4.41407,-83.1903,30.8896,2.5143,-10.0853,20.2751,7.12502,15.9015,-9.09206,-1.9133e-15,2.5842e-15,-37.5492,9.44544,82.3864,24.8468,-0.143871,-4.40972,18.2381,7.12502,21.3605,47.0807,7.90031,11.3972,28.6573,9.09539,-14.3713,-13.1454,6.87332,-34.2812,-15.0387,-14.1105,30.2315,-10.8839,13.6147,14.3149
0.78387,16.0581,36.2139,2.80614,4.46838,-0.362071,12.6944,0.899811,-4.79934,-4.84727,0.59135,1.99975,-12.5982,0.773964,4.79261,-10.2482,-7.42734,-4.82008,19.2698,-10.3356,4.53152,8.14463,-4.83995,1.22129,5.72748e-15,3.97569e-15,-32.397,4.51983,-83.12,30.7573,2.6139,-10.0955,20.3604,7.12502,15.8916,-9.00751,5.72748e-15,3.97569e-15,-37.5952,9.61208,82.3446,24.6352,-0.149927,-4.80195,17.8162,7.12502,20.9837,46.7011,9.68656,11.2857,28.9295,6.25398,-13.2201,-13.0099,7.07278,-34.8182,-16.3025,-13.0992,29.2874,-11.4997,15.0721,14.2042
0.816767,16.07,36.3463,3.13511,4.59667,-0.00182789,12.149,0.802406,-4.88282,-4.89127,0.453562,1.858,-12.2993,0.699513,4.70954,-10.0781,-7.33381,-4.83501,19.103,-10.2213,4.6358,8.059,-4.78322,1.27942,1.07468e-14,8.74653e-15,-32.2857,4.97329,-83.2395,30.6125,2.08932,-10.2508,20.2409,7.12502,15.7421,-9.13886,1.07468e-14,8.74653e-15,-37.7266,9.65514,82.322,24.7038,-0.151463,-4.91405,17.9265,7.12502,20.876,46.8233,13.4427,10.9584,28.3522,-4.13472e-14,-10.6507,-13.0671,6.66395,-35.2695,-17.8239,-12.9404,28.4593,-12.1477,16.4626,12.7805
0.837841,16.0629,36.473,3.18558,4.43538,-0.0822256,11.8535,0.806973,-4.80987,-4.83916,0.488859,1.87816,-12.0633,0.702855,4.6788,-9.8275,-7.22923,-4.78508,18.8324,-10.0948,4.71614,7.91902,-4.7217,1.32492,7.76503e-15,-1.39149e-14,-32.1714,5.10482,-83.3,30.4916,1.87955,-10.4939,20.2456,7.12502,15.508,-9.15244,7.76503e-15,-1.39149e-14,-37.7721,9.85531,82.1716,24.584,-0.405503,-4.76421,17.875,7.12502,21.0199,46.7559,13.9036,10.8812,28.4341,5.725e-14,-10.7466,-12.8867,4.9625,-35.5401,-19.289,-12.1454,27.782,-12.7898,17.858,11.6556
0.844432,16.0533,36.5812,2.99621,4.1456,-0.601632,12.0697,0.871754,-4.55053,-4.7797,0.632567,2.06591,-12.1414,0.76135,4.708,-9.82354,-7.2237,-4.78125,18.7991,-10.0926,4.74742,7.90862,-4.71817,1.33528,2.26118e-15,-5.1684e-15,-32.0786,4.94502,-83.2671,30.464,1.98981,-10.6665,20.5428,7.12502,15.3417,-8.8681,2.26118e-15,-5.1684e-15,-37.7816,9.96912,82.0723,24.3944,-0.555707,-4.59115,17.975,7.12502,21.1862,46.8373,14.4622,10.9069,29.0792,9.54166e-15,-10.7236,-12.6853,3.81563,-35.6988,-20.7956,-10.6241,27.1608,-14.9161,18.3832,17.8993
0.861542,16.0451,36.6882,2.96166,3.92109,-0.931401,12.2413,0.94227,-4.28423,-4.79417,0.777705,2.16219,-12.2748,0.818266,4.63135,-9.9298,-7.2873,-4.78951,18.8373,-10.1693,4.70623,7.94259,-4.75614,1.31013,1.88845e-15,2.10712e-14,-32.0927,4.90953,-83.2231,30.535,2.02528,-10.7162,20.5257,7.12502,15.2938,-8.88883,1.88845e-15,2.10712e-14,-37.7789,9.90992,82.0892,24.2355,-0.637754,-4.44414,18.0791,7.12502,21.3274,46.9255,14.8541,10.8951,29.4124,-6.04305e-14,-10.7691,-12.3789,3.60427,-35.9255,-21.5087,-9.92302,26.6719,-15.1677,19.4443,17.3977
0.890695,16.0403,36.804,3.11462,3.8376,-0.579046,12.1559,0.941195,-4.5494,-4.82356,0.720791,2.05027,-12.2545,0.806608,4.6713,-10.0407,-7.2627,-4.71422,18.8619,-10.1288,4.62371,7.95993,-4.73675,1.27144,-1.46604e-15,9.54166e-15,-32.0221,4.98383,-83.226,30.4062,2.21806,-10.6434,20.4515,7.12502,15.364,-8.95767,-1.46604e-15,9.54166e-15,-37.7761,9.93301,82.0719,24.0911,-0.593078,-4.65505,18.1039,7.12502,21.1248,46.9731,15.184,10.7527,28.9236,6.36111e-15,-10.95,-12.0492,2.87782,-36.2158,-22.5588,-9.88679,26.1731,-15.6789,20.2278,17.7928
0.928447,16.0314,36.9405,3.20194,3.84724,-0.0448021,11.8169,0.859092,-4.92704,-4.79065,0.543473,1.89549,-11.9956,0.735579,4.75192,-10.0563,-7.17499,-4.62603,18.8972,-10.0088,4.54695,7.95939,-4.68015,1.24494,4.98204e-15,1.98785e-15,-31.9052,5.23135,-83.2792,30.1066,2.24729,-10.5512,20.4912,7.12502,15.4528,-8.9111,4.98204e-15,1.98785e-15,-37.9246,10.3862,81.8173,23.8956,-0.876986,-4.87397,17.9873,7.12502,20.9145,46.8798,15.7484,10.5024,28.2323,2.22639e-14,-11.247,-11.7465,1.91425,-36.2516,-23.6931,-10.1973,25.7023,-15.9813,20.8875,17.0502
0.960502,16.0241,37.0818,3.16552,3.76622,0.0856726,11.5291,0.826022,-4.96666,-4.74251,0.500281,1.83908,-11.7611,0.706693,4.71844,-10.0794,-7.16288,-4.59078,18.9618,-10.002,4.54728,7.9828,-4.67315,1.23854,4.21175e-15,-1.59028e-14,-31.8878,5.12244,-83.2544,29.8965,2.57513,-10.3796,20.4802,7.12502,15.618,-8.90927,4.21175e-15,-1.59028e-14,-38.1023,10.4433,81.6896,23.805,-1.03167,-4.68362,18.238,7.12502,21.0974,47.1103,16.3543,10.3459,27.9854,9.54166e-15,-11.5857,-11.3449,2.58038,-36.052,-24.3814,-10.2826,25.3207,-16.2708,21.149,16.6353
0.970804,16.0201,37.1991,2.9725,3.49695,-0.63937,11.7297,0.872486,-4.48006,-4.69851,0.660152,2.06788,-11.8445,0.758302,4.65995,-10.4116,-7.19864,-4.52774,19.1982,-10.0599,4.51848,8.11931,-4.68844,1.19707,-1.6965e-14,-4.37326e-15,-31.8335,4.79746,-83.1398,29.7095,3.27279,-10.0994,20.5173,7.12502,15.888,-8.85088,-1.6965e-14,-4.37326e-15,-38.1637,10.5461,81.5856,23.6544,-1.09993,-4.56392,18.4558,7.12502,21.2124,47.3152,16.8303,10.3761,28.7595,-2.8625e-14,-11.5703,-10.9821,3.53349,-35.8441,-24.325,-9.51457,25.0838,-16.2528,20.8935,16.4399
0.975417,16.005,37.3053,2.73133,3.07519,-1.29434,12.2925,1.02531,-4.19757,-4.74636,0.918392,2.29678,-12.2691,0.883831,4.69899,-10.7653,-7.27776,-4.52525,19.508,-10.1708,4.48682,8.29059,-4.7315,1.15604,5.8393e-15,1.82882e-14,-31.9781,4.66579,-83.0898,29.532,3.47978,-9.98801,20.6696,7.12502,15.9952,-8.69004,5.8393e-15,1.82882e-14,-38.2999,10.5882,81.4685,23.3781,-1.28382,-4.67119,18.3177,7.12502,21.1093,47.1886,17.3659,10.5296,29.5168,-9.54166e-15,-11.4466,-10.6584,3.96882,-35.5917,-24.0138,-8.88409,24.9386,-15.9906,20.422,17.1255
1.00324,15.9863,37.4228,2.73319,2.78558,-1.24115,12.0849,1.09547,-4.25734,-4.55467,1.00783,2.27204,-11.9358,0.916006,4.68191,-11.2739,-7.35288,-4.48631,19.6013,-10.2637,4.4577,8.41494,-4.76291,1.10867,2.98177e-16,-1.09332e-14,-31.6299,4.66161,-83.1247,29.2355,3.41882,-10.0377,20.6302,7.12502,15.9474,-8.73324,2.98177e-16,-1.09332e-14,-37.9505,10.8968,81.3272,22.9706,-1.74471,-4.7743,18.0529,7.12502,21.0103,46.9348,17.854,10.5768,29.4013,2.22639e-14,-11.3727,-10.4723,3.42185,-35.4938,-23.9623,-9.09716,24.8999,-15.3516,20.0754,17.2465
1.04315,15.9717,37.5509,2.82475,2.63501,-0.931321,12.202,1.11336,-4.42826,-4.74737,0.984181,2.15314,-12.2264,0.924512,4.65572,-11.2363,-7.34301,-4.41418,19.76,-10.2469,4.32279,8.44921,-4.7616,1.05426,8.57259e-16,-1.53064e-14,-32.0533,4.67176,-83.1827,29.0035,3.49673,-10.265,20.7213,7.12502,15.7284,-8.65953,8.57259e-16,-1.53064e-14,-38.3421,10.9167,81.1832,22.8005,-1.89872,-4.74725,17.9737,7.12502,21.0362,46.8527,18.3264,10.5061,28.9304,2.54444e-14,-11.4488,-10.2307,2.70574,-35.3298,-23.7613,-9.85132,24.9944,-14.4602,19.4452,17.409
1.07778,15.9538,37.6777,2.81614,2.5798,-1.00369,12.2446,1.0908,-4.32522,-4.80717,0.974896,2.19837,-12.3179,0.918239,4.65012,-11.1103,-7.31636,-4.41117,19.7238,-10.1938,4.23515,8.40645,-4.74836,1.03664,-1.06474e-14,-2.8625e-14,-32.313,4.80053,-83.2071,28.7159,3.46412,-10.5547,20.9609,7.12502,15.4494,-8.44174,-1.06474e-14,-2.8625e-14,-38.4643,11.1802,80.9962,22.5028,-2.378,-4.50565,17.9166,7.12502,21.2683,46.7697,18.8289,10.342,28.884,-7.63333e-14,-11.4551,-9.92368,2.71814,-35.0007,-23.0917,-10.4336,25.2109,-15.0771,17.0666,27.0197
1.10608,15.9117,37.8118,2.68211,2.42018,-1.2202,12.2419,1.1092,-4.193,-4.81142,1.0313,2.27238,-12.3259,0.938613,4.64395,-10.543,-7.25854,-4.45703,19.3723,-10.1267,4.34055,8.19082,-4.72729,1.11285,3.21286e-14,3.18055e-15,-32.5319,4.85748,-83.2261,28.4442,3.62282,-10.2748,20.9209,7.12502,15.719,-8.46072,3.21286e-14,3.18055e-15,-38.5592,11.6002,80.618,22.0019,-3.46822,-3.7592,18.0002,7.12502,21.9852,46.7708,19.4984,10.2535,29.0742,-9.22361e-14,-11.2807,-9.70303,1.32007,-34.5053,-22.4259,-10.815,25.5774,-13.2862,16.1163,21.9348
1.13458,15.8987,37.9538,2.48968,2.15456,-1.31319,12.2006,1.14331,-4.20177,-4.75926,1.08316,2.32307,-12.2491,0.963276,4.69267,-10.121,-7.15885,-4.57136,19.1362,-10.0109,4.54059,8.04734,-4.67421,1.22836,-7.83957e-15,-7.15625e-15,-32.6439,4.84095,-83.1868,28.1114,3.93306,-9.78656,20.7033,7.12502,16.1892,-8.64068,-7.83957e-15,-7.15625e-15,-38.7071,12.0255,80.2959,21.7031,-4.16888,-3.41504,18.0835,7.12502,22.3156,46.8149,20.2257,10.2584,29.1285,2.8625e-14,-11.0648,-9.49915,-0.00770182,-34.1263,-22.0171,-11.2202,26.0723,-12.0589,15.252,20.2099
1.16865,15.8813,38.0931,2.37936,1.96569,-1.40238,12.0978,1.1428,-4.12474,-4.69013,1.10165,2.3436,-12.1079,0.961596,4.66602,-10.1946,-7.12235,-4.53876,19.1786,-9.97499,4.58078,8.07335,-4.6491,1.23701,-3.5657e-15,-1.78906e-14,-32.7085,4.85156,-83.2091,27.7796,4.12604,-9.60855,20.5191,7.12502,16.3606,-8.81089,-3.5657e-15,-1.78906e-14,-38.8395,12.1637,80.1308,21.6472,-4.30778,-3.40523,18.3408,7.12502,22.325,47.071,20.8648,10.2086,29.1323,-8.26944e-14,-10.9256,-9.27499,-1.35977,-33.8778,-21.4895,-11.6901,26.582,-10.4877,14.2214,20.0313
1.21057,15.8642,38.2317,2.32326,1.88473,-1.46982,11.9351,1.10554,-3.89824,-4.613,1.09478,2.34036,-11.9131,0.933628,4.53301,-10.35,-7.0856,-4.40976,19.2607,-9.91178,4.41423,8.10967,-4.62135,1.1626,1.29955e-14,2.22639e-14,-32.815,4.72552,-83.1666,27.573,4.45047,-9.45308,20.4774,7.12502,16.5103,-8.84011,1.29955e-14,2.22639e-14,-38.8626,12.3261,80.0092,21.4564,-4.41355,-3.49116,18.4524,7.12502,22.2425,47.1925,21.4664,10.0654,29.0874,-3.18055e-14,-10.6887,-9.08305,-3.87105,-33.6472,-21.1076,-12.1107,26.9272,-9.10243,13.3225,23.5528
1.25356,15.8547,38.3755,2.31475,1.79785,-1.46608,11.6105,1.10812,-3.71479,-4.5069,1.13497,2.3069,-11.5942,0.926843,4.38041,-10.4008,-7.05158,-4.35261,19.2495,-9.85913,4.35281,8.1062,-4.59722,1.13775,4.73356e-15,1.55052e-14,-32.9403,4.63716,-83.1486,27.2967,4.23321,-9.5375,20.6771,7.12502,16.429,-8.64723,4.73356e-15,1.55052e-14,-38.6677,12.5239,79.908,21.0275,-4.70295,-3.60662,18.4464,7.12502,22.1317,47.1997,22.0217,9.94238,28.9278,5.08889e-14,-10.1681,-8.86145,-6.06618,-33.5119,-21.1746,-12.3773,27.212,-7.82559,13.4436,26.0116
1.29493,15.8637,38.5254,2.31108,1.69188,-1.3169,11.8875,1.09992,-3.8525,-4.8834,1.09059,2.28554,-12.19,0.938085,4.45014,-10.0402,-6.97611,-4.32221,19.5683,-9.75436,4.17003,8.13128,-4.56593,1.09424,-4.89507e-15,7.95139e-15,-33.8941,4.88412,-83.255,26.9934,3.87211,-9.64472,20.7951,7.12502,16.3258,-8.53769,-4.89507e-15,7.95139e-15,-39.397,12.7782,79.5202,20.6268,-5.25569,-3.48128,18.5821,7.12502,22.252,47.3211,22.564,9.8435,28.5852,0,-9.6846,-8.57175,-6.65715,-33.2071,-21.2697,-12.7743,27.4455,-6.72211,13.8807,25.5618
1.33128,15.8568,38.6732,2.21033,1.53448,-0.912486,11.5731,1.12939,-4.24734,-4.70672,1.05961,2.14484,-11.8025,0.933075,4.52404,-10.2306,-7.04879,-4.29238,19.5397,-9.8689,4.24421,8.16386,-4.60766,1.09418,4.58447e-15,1.23246e-14,-33.8438,4.54411,-83.1669,26.661,4.5156,-9.38286,20.8109,7.12502,16.5779,-8.50103,4.58447e-15,1.23246e-14,-39.1524,13.137,79.2331,20.1491,-5.81252,-3.43494,18.7962,7.12502,22.2965,47.5298,23.2421,9.76569,28.0309,-1.27222e-13,-9.19774,-8.34684,-7.9262,-32.7763,-21.0567,-13.5738,27.8763,-5.80746,14.0351,25.163
1.36637,15.8521,38.817,2.1299,1.37494,-0.5312,11.6262,1.17758,-4.67134,-4.7419,1.04033,2.03698,-11.883,0.95423,4.65152,-10.2466,-7.07969,-4.38926,19.5992,-9.93575,4.41932,8.20455,-4.62855,1.15773,-1.11816e-15,7.95139e-16,-34.2578,4.38202,-83.1559,26.4203,5.10248,-9.83025,21.1789,7.12502,16.1471,-8.16847,-1.11816e-15,7.95139e-16,-39.3349,13.1904,79.0625,19.9318,-6.07289,-3.49019,18.8995,7.12502,22.2434,47.6395,23.8614,9.69272,27.5117,6.67916e-14,-8.79345,-8.1425,-7.98182,-32.3385,-20.6592,-14.3856,28.3021,-5.27874,14.0707,25.8201
1.39234,15.8238,38.9533,1.9109,1.12549,-0.571275,11.8983,1.23477,-4.87723,-4.76595,1.07995,2.11859,-12.0896,0.999993,4.85172,-10.1331,-7.06982,-4.49696,19.6235,-9.92767,4.50725,8.2023,-4.62639,1.20832,-4.64659e-15,1.59028e-14,-34.6509,4.37225,-83.1976,25.9377,5.52355,-10.5202,21.7079,7.12502,15.4826,-7.69213,-4.64659e-15,1.59028e-14,-39.5645,13.6334,78.7023,19.5125,-6.63156,-3.59216,18.4762,7.12502,22.1456,47.2279,24.5598,9.68337,27.5264,3.18055e-14,-8.22345,-8.00681,-8.27591,-31.8803,-19.7633,-14.8137,28.8711,-4.9607,13.6668,27.1674
1.41561,15.8094,39.09,1.66565,0.913798,-0.484501,12.0102,1.30691,-5.18025,-4.63422,1.12302,2.13086,-12.0231,1.03948,5.02799,-10.3302,-7.179,-4.59669,19.8096,-10.0828,4.58328,8.31789,-4.69266,1.2215,9.95166e-15,-2.38542e-15,-34.7513,4.08245,-83.1606,25.4872,6.16768,-10.7519,21.6266,7.12502,15.2595,-7.79052,9.95166e-15,-2.38542e-15,-39.4333,14.3413,78.175,18.8698,-7.53555,-3.775,17.7063,7.12502,21.97,46.4787,21.2236,9.59731,27.4175,7.16044,-10.4868,-7.48002,-8.46852,-31.2659,-18.5047,-15.4695,29.3503,-4.82527,12.7112,30.1833
1.45915,15.8002,39.2337,1.70059,0.965168,0.044709,11.7607,1.27539,-5.4849,-4.57448,1.0181,1.90992,-11.7938,0.99299,4.97934,-10.5223,-7.1275,-4.42733,19.8213,-10.0279,4.5435,8.34249,-4.65401,1.18063,-5.57839e-15,-1.39149e-15,-34.8598,3.27332,-82.9231,25.0666,7.16157,-10.5274,21.4773,7.12502,15.4757,-7.9233,-5.57839e-15,-1.39149e-15,-39.1956,14.6304,77.8773,18.4377,-7.84973,-3.67028,17.9639,7.12502,22.0706,46.7245,19.5851,9.3332,26.6345,10.9551,-11.3622,-7.009,-7.37842,-30.9379,-17.3394,-16.6657,29.8406,-4.39135,11.6671,31.9349
1.51411,15.7944,39.381,1.85642,1.14544,0.76474,11.5516,1.20176,-5.84448,-4.69322,0.839123,1.63433,-11.7831,0.924277,4.91896,-10.1083,-7.19217,-4.69217,19.5183,-10.1379,4.87848,8.20427,-4.70717,1.33887,-1.31695e-15,5.96354e-15,-35.3433,2.6067,-82.7169,24.6709,7.70024,-10.3568,21.6193,7.12502,15.64,-7.76852,-1.31695e-15,5.96354e-15,-39.3361,14.8002,77.6085,18.2131,-8.24453,-3.55497,18.2828,7.12502,22.1813,47.0301,18.2987,8.27639,25.2465,13.8357,-11.6429,-5.83526,-7.79358,-30.6982,-16.5141,-18.0115,30.2126,-3.7976,10.9963,33.4198
1.56052,15.7855,39.5172,1.89404,1.28501,1.11309,11.647,1.1724,-5.95769,-4.85204,0.754776,1.47888,-12.011,0.896922,4.831,-9.9418,-7.25946,-4.69147,19.6076,-10.2191,4.76036,8.20175,-4.75924,1.29612,-7.54139e-15,-6.55989e-15,-36.0658,1.87,-82.4465,24.3714,8.255,-10.3645,21.8663,7.12502,15.6326,-7.52205,-7.54139e-15,-6.55989e-15,-39.5254,15.2579,77.103,17.6056,-9.25927,-3.89819,17.651,7.12502,21.8517,46.4372,17.2564,7.48388,24.4335,16.3409,-11.4269,-5.06291,-8.50042,-30.4552,-15.6612,-18.9022,30.6553,-2.9831,10.4128,34.0107
1.6017,15.7785,39.6602,1.82911,1.31901,1.23672,11.5565,1.14585,-5.93607,-4.83415,0.722063,1.42087,-11.9292,0.873451,4.76117,-9.9201,-7.30106,-4.83105,19.6156,-10.2744,4.85658,8.21656,-4.78671,1.34401,-1.75179e-15,3.57812e-15,-36.5439,1.18552,-82.1572,24.0628,8.9691,-10.2563,22.0358,7.12502,15.7368,-7.34437,-1.75179e-15,3.57812e-15,-39.5329,15.6436,76.757,17.2426,-9.85477,-4.03028,17.5256,7.12502,21.7249,46.3265,16.3813,6.80421,23.9143,18.6714,-10.8903,-4.4916,-8.10246,-30.1518,-14.7248,-19.6063,31.2271,-2.44891,9.57151,31.9318
1.64967,15.7776,39.8184,1.76817,1.34093,1.33083,11.1687,1.12392,-5.78461,-4.72728,0.736528,1.36052,-11.5689,0.850967,4.6035,-9.95799,-7.36404,-4.92649,19.601,-10.3498,4.8912,8.2299,-4.82531,1.36044,-1.90088e-15,-3.97569e-16,-36.9487,0.557347,-81.8573,23.7817,9.45306,-10.1832,21.9095,7.12502,15.8073,-7.46518,-1.90088e-15,-3.97569e-16,-39.4532,16.0227,76.5168,17.0609,-10.4645,-3.7461,17.9766,7.12502,21.9978,46.7457,15.623,5.91353,23.2423,20.7705,-9.86608,-3.80588,-7.69019,-29.8499,-14.0715,-20.2763,31.948,-2.68194,8.5984,30.0897
1.6845,15.7787,39.9485,1.54512,1.24177,1.29265,11.4812,1.16562,-5.70848,-4.76124,0.786889,1.37276,-11.8008,0.87802,4.56349,-9.88746,-7.40533,-4.90067,19.6685,-10.3884,4.74537,8.23217,-4.85622,1.30616,-1.9133e-15,3.97569e-16,-37.6761,0.42986,-81.8043,23.7579,9.43111,-10.2961,21.6714,7.12502,15.6985,-7.71186,-1.9133e-15,3.97569e-16,-39.4426,16.2993,76.2649,16.5889,-10.9522,-3.94435,17.8986,7.12502,21.8074,46.69,14.9066,5.38044,22.9676,22.8415,-8.49353,-3.7116,-8.32257,-29.5655,-13.4492,-20.6191,32.6566,-2.76048,7.77963,28.2838
1.7234,15.7752,40.0927,1.32616,1.21178,1.13157,11.5273,1.13509,-5.44957,-4.71485,0.787993,1.38794,-11.7683,0.857207,4.43242,-9.8694,-7.40622,-4.80837,19.7068,-10.3874,4.64066,8.23056,-4.85907,1.25773,-1.40392e-14,2.74323e-14,-38.2797,0.0555492,-81.6865,23.6945,9.67106,-9.89528,21.3454,7.12502,16.0845,-8.00704,-1.40392e-14,2.74323e-14,-39.4293,16.5195,76.0053,16.3525,-11.3281,-4.06648,17.7547,7.12502,21.6901,46.5597,14.238,4.51273,22.6923,24.9639,-7.33476,-3.3831,-10.0696,-29.1959,-12.9742,-20.8678,33.2925,-2.86906,7.39045,26.4549
1.77296,15.7765,40.2472,1.216,1.2706,1.34356,11.175,1.07459,-5.41259,-4.5916,0.724967,1.29941,-11.4048,0.806007,4.32625,-9.94657,-7.42828,-4.87717,19.8207,-10.4073,4.62785,8.287,-4.87126,1.25752,-1.45858e-14,1.11319e-14,-38.7097,-0.330705,-81.5422,23.5239,9.75186,-9.6262,20.9453,7.12502,16.3436,-8.38609,-1.45858e-14,1.11319e-14,-39.3128,16.6594,75.9062,16.3202,-11.5823,-4.03154,17.7404,7.12502,21.7237,46.5414,13.4075,3.49849,21.8458,27.2182,-6.22134,-2.73434,-12.1965,-28.7012,-12.6137,-21.6153,33.8031,-3.12595,6.96588,25.6646
1.82135,15.7809,40.3869,1.09882,1.32516,1.574,11.1156,1.03367,-5.4755,-4.55775,0.659651,1.25958,-11.3236,0.774312,4.33172,-9.8795,-7.42841,-4.94901,19.8592,-10.386,4.5642,8.28712,-4.87343,1.25255,-9.34288e-15,1.78906e-14,-39.1554,-0.592821,-81.3311,23.2199,9.78401,-9.59909,21.0612,7.12502,16.3697,-8.26804,-9.34288e-15,1.78906e-14,-39.1939,16.5713,76.0315,16.1813,-11.4552,-4.0691,17.8134,7.12502,21.6876,46.6186,12.3939,2.58485,20.9874,29.5555,-4.77655,-2.09041,-12.0942,-28.1455,-12.508,-22.2824,34.1858,-3.65868,6.4987,26.7977
1.8648,15.7832,40.5158,0.998791,1.34427,1.59077,11.2701,1.01245,-5.36151,-4.58691,0.640863,1.26899,-11.4444,0.761712,4.28167,-9.95646,-7.45067,-4.92755,20.0206,-10.3927,4.40109,8.34533,-4.88675,1.18975,-1.68967e-15,9.54166e-15,-39.6514,-0.585363,-81.2996,23.0329,9.67116,-9.77665,21.1404,7.12502,16.1987,-8.20276,-1.68967e-15,9.54166e-15,-39.1251,16.7529,75.9679,15.9456,-11.7595,-4.15397,17.6272,7.12502,21.6061,46.4419,11.1814,1.87391,20.4874,32.072,-3.21441,-1.71514,-12.6265,-27.5926,-12.4268,-22.6289,34.36,-4.12408,6.21325,26.9786
1.9078,15.7873,40.65,0.844384,1.24438,1.69241,11.4038,1.00119,-5.36725,-4.58379,0.618266,1.27829,-11.5189,0.753989,4.30032,-9.94498,-7.40803,-4.92494,20.0734,-10.3152,4.29712,8.35101,-4.85962,1.16389,1.31695e-15,-1.43125e-14,-40.1516,-0.418539,-81.3181,22.9735,9.62455,-9.63531,21.0764,7.12502,16.3348,-8.25563,1.31695e-15,-1.43125e-14,-39.0341,16.6376,76.1558,15.8599,-11.8069,-4.30646,17.7495,7.12502,21.4597,46.5809,9.96197,1.31177,19.9025,34.7414,-1.67297,-1.32427,-13.7784,-26.8804,-12.3064,-23.0828,34.378,-4.4909,6.17263,24.8122
1.95211,15.7994,40.7849,0.665517,1.13194,1.98028,11.4823,1.01809,-5.55321,-4.52078,0.60166,1.22373,-11.4963,0.755108,4.3495,-9.91246,-7.37697,-4.95904,20.0758,-10.2638,4.28098,8.34433,-4.84012,1.1711,-1.10077e-14,-4.77083e-15,-40.4424,-0.70318,-81.157,22.6603,9.81173,-9.38442,21.0096,7.12502,16.5764,-8.30242,-1.10077e-14,-4.77083e-15,-38.8565,15.944,76.7117,16.0338,-11.2786,-4.287,17.9553,7.12502,21.4783,46.7846,8.67186,0.88279,19.121,37.5144,0.053633,-0.990953,-13.7276,-26.0387,-12.1976,-23.7305,34.2291,-5.05928,6.12244,23.3937
1.9906,15.8119,40.9062,0.509475,1.02216,2.28543,11.7686,1.05338,-5.78657,-4.53644,0.586938,1.16599,-11.6898,0.769299,4.42272,-9.77546,-7.3514,-5.04133,20.0051,-10.2219,4.3117,8.29982,-4.82732,1.20523,1.19271e-15,-1.23246e-14,-40.8171,-0.620225,-81.178,22.4171,9.65994,-9.19491,20.9295,7.12502,16.7588,-8.36723,1.19271e-15,-1.23246e-14,-38.786,15.1699,77.2666,16.3243,-10.6701,-4.22326,17.912,7.12502,21.5396,46.7343,7.21678,0.590291,18.4372,40.294,1.95537,-0.962545,-12.8588,-25.1967,-11.9481,-24.3592,33.9976,-5.52729,6.00801,22.7319
2.032,15.8129,41.0238,0.463827,0.855647,2.8308,11.9857,1.11463,-6.16772,-4.60833,0.56972,0.984536,-11.9077,0.790093,4.44362,-9.71665,-7.3544,-5.05261,20.0623,-10.231,4.3129,8.30957,-4.83301,1.20788,-6.78353e-15,-5.1684e-15,-41.311,-0.662791,-81.1626,22.2678,9.84842,-9.15934,21.2054,7.12502,16.793,-8.08836,-6.78353e-15,-5.1684e-15,-38.768,14.7549,77.496,16.5867,-10.4499,-4.24918,17.8391,7.12502,21.5147,46.6642,5.67174,0.319599,17.4525,43.0764,3.61766,-0.92019,-11.9938,-24.4298,-11.7394,-25.2114,33.6656,-6.00272,5.87245,23.0715
2.06093,15.815,41.1523,0.331347,0.586685,2.8906,12.1172,1.15862,-6.30952,-4.62921,0.598344,1.01201,-12.0194,0.820314,4.54866,-9.75469,-7.33194,-5.0591,20.2121,-10.1925,4.24753,8.36168,-4.81912,1.18833,-4.05024e-15,-6.75868e-15,-41.7088,-0.718259,-81.0953,21.9558,10.1343,-9.03482,21.7577,7.12502,16.9129,-7.52591,-4.05024e-15,-6.75868e-15,-38.7183,14.1648,77.9081,16.8397,-9.79221,-4.38469,17.7201,7.12502,21.3845,46.56,4.2283,0.256295,17.1198,45.7679,5.4572,-0.932145,-11.6345,-23.5741,-11.2893,-25.5194,33.3063,-6.35331,5.56399,23.5663
2.08943,15.8263,41.2731,0.258244,0.368008,3.05793,12.247,1.17058,-6.56262,-4.67305,0.561512,1.02047,-12.1506,0.828819,4.71095,-9.75797,-7.27472,-5.06523,20.3471,-10.1041,4.17351,8.39948,-4.78351,1.17315,7.42958e-15,1.47101e-14,-42.0755,-0.777466,-81.0538,21.7176,10.4543,-8.87137,21.8796,7.12502,17.0702,-7.39041,7.42958e-15,1.47101e-14,-38.6927,13.5621,78.3143,17.1746,-9.12271,-4.49079,17.6821,7.12502,21.2826,46.5336,2.63909,0.146259,16.6703,48.4087,7.68718,-0.889329,-11.1886,-22.7463,-10.8576,-25.9272,32.871,-6.48316,5.31976,23.8617
2.12672,15.8365,41.3935,0.431559,0.327021,3.66927,11.7587,1.12817,-6.99757,-4.51083,0.447884,0.798648,-11.6621,0.77473,4.73578,-10.0654,-7.26362,-5.01326,20.3801,-10.1055,4.25966,8.4685,-4.765,1.18079,1.66482e-14,-1.59028e-14,-41.9591,-0.892782,-81.2149,21.573,10.4764,-8.62412,21.4915,7.12502,17.3082,-7.75779,1.66482e-14,-1.59028e-14,-38.1759,13.0607,78.6618,17.4783,-8.71759,-4.44338,17.8836,7.12502,21.3281,46.7299,0.913554,-0.353373,15.554,50.9376,10.0104,-0.961593,-8.50651,-22.1371,-10.6492,-26.8317,32.4632,-6.47933,5.07948,24.3417
2.16704,15.8434,41.5202,0.519142,0.257323,4.36834,11.678,1.12216,-7.40533,-4.60306,0.344805,0.516616,-11.711,0.747072,4.67767,-10.0311,-7.22962,-5.09467,20.5052,-10.097,4.45707,8.51949,-4.74722,1.25944,3.8763e-15,1.47101e-14,-42.3237,-0.989413,-81.3275,21.4573,10.5476,-8.33404,21.2245,7.12502,17.5874,-8.00005,3.8763e-15,1.47101e-14,-38.1051,12.6192,78.7816,17.6981,-8.44331,-4.3249,18.0111,7.12502,21.4419,46.8445,-0.662944,-0.838433,14.3204,53.384,12.4397,-1.51221,-5.74947,-21.3351,-10.5222,-27.8644,31.9456,-6.55399,4.89324,25.438
2.19029,15.847,41.6539,0.231706,-0.0730198,4.40887,11.731,1.22503,-7.46469,-4.50761,0.473286,0.524232,-11.6541,0.807934,4.69182,-10.0596,-7.21103,-5.16484,20.5216,-10.0634,4.4808,8.53363,-4.73359,1.28099,-7.33018e-15,5.1684e-15,-42.5258,-1.28907,-81.2059,21.222,10.8715,-8.08439,21.3157,7.12502,17.8276,-7.8871,-7.33018e-15,5.1684e-15,-37.9456,12.3218,78.9621,17.9119,-8.29969,-4.22786,17.9058,7.12502,21.5351,46.7286,-1.8998,-0.790701,14.119,55.71,14.9566,-2.99295,-1.88602,-20.2013,-10.1763,-28.1202,31.4931,-6.99905,4.76573,26.2815
2.22156,15.8601,41.7757,0.223774,-0.147069,4.67792,11.7625,1.19104,-7.67705,-4.5831,0.382717,0.488933,-11.7516,0.785243,4.79309,-9.82599,-7.14456,-5.22709,20.4595,-9.9572,4.43988,8.46548,-4.69828,1.29926,-2.10463e-14,1.59028e-15,-42.8841,-1.09914,-81.3483,21.1908,10.5103,-7.87238,20.847,7.12502,18.0316,-8.33715,-2.10463e-14,1.59028e-15,-37.976,11.8694,79.2595,18.2233,-7.72153,-4.42054,17.6859,7.12502,21.3501,46.5297,-3.53065,-1.08907,13.5447,57.9463,17.4821,-4.68446,3.30167,-19.3868,-10.1045,-28.6337,31.0455,-7.20546,4.60868,27.2914
2.23419,15.8739,41.8704,0.290088,-0.316004,4.63896,11.8466,1.16768,-7.85619,-4.57195,0.32389,0.576783,-11.7867,0.77642,5.00543,-9.73217,-7.0857,-5.22143,20.3186,-9.8655,4.41119,8.39397,-4.66124,1.30464,5.26779e-15,1.82882e-14,-42.9,-0.998978,-81.4751,21.1185,10.4082,-7.67692,20.5397,7.12502,18.2197,-8.62703,5.26779e-15,1.82882e-14,-37.6657,11.3153,79.6824,18.5466,-6.73735,-4.58688,17.6229,7.12502,21.1903,46.4847,-5.5709,-1.05854,13.6279,60.2027,19.0827,-7.46267,10.5381,-18.9184,-9.7415,-28.6861,30.7091,-7.10828,4.42968,26.6735
2.25307,15.8858,41.9926,0.162069,-0.430552,4.62576,11.7343,1.13061,-7.88768,-4.42444,0.287632,0.602179,-11.5456,0.748281,5.05875,-9.94842,-7.0608,-5.15904,20.4321,-9.82058,4.32637,8.46142,-4.6378,1.2625,1.20016e-14,1.78906e-14,-42.8813,-1.24103,-81.47,20.8917,10.8944,-7.91953,20.8962,7.12502,17.9863,-8.29212,1.20016e-14,1.78906e-14,-37.3069,10.991,79.9404,18.8842,-6.1904,-4.79394,17.7497,7.12502,20.9914,46.6337,-6.94628,-1.18797,13.5731,62.1611,19.3155,-9.97454,18.4069,-18.0312,-9.44036,-28.8626,30.3067,-7.34567,4.27423,24.6392
2.27609,15.8881,42.1041,0.114206,-0.491358,4.88887,11.7606,1.09971,-8.12726,-4.42289,0.197669,0.542733,-11.551,0.7206,5.14862,-9.7938,-7.01335,-5.19294,20.3531,-9.75194,4.33145,8.40502,-4.61184,1.28412,-1.50331e-14,7.55382e-15,-43.084,-1.4613,-81.434,20.7417,11.3663,-8.21216,21.0244,7.12502,17.7047,-8.18962,-1.50331e-14,7.55382e-15,-37.1909,10.9153,80.0108,19.2015,-6.12313,-4.85594,17.8778,7.12502,20.9318,46.7684,-8.36742,-1.49103,13.1492,64.0653,18.8326,-11.8411,24.5843,-17.3735,-9.30588,-29.3005,30.0716,-7.75003,4.09827,23.3707
2.303,15.8862,42.2125,0.0978863,-0.502251,5.20546,11.9391,1.04177,-8.34677,-4.55078,0.0499,0.446539,-11.786,0.676522,5.20026,-9.40543,-6.93576,-5.30544,20.2677,-9.67242,4.49147,8.31558,-4.57683,1.379,-1.37658e-14,-5.1684e-15,-43.4736,-1.48254,-81.4949,20.7112,11.545,-8.33111,21.2107,7.12502,17.5902,-8.01361,-1.37658e-14,-5.1684e-15,-37.2892,10.5504,80.1347,19.5701,-5.67825,-4.76968,18.2151,7.12502,21.0147,47.0965,-9.74013,-1.93711,12.6344,65.8399,17.7744,-12.8428,28.1428,-16.766,-9.28394,-29.8485,29.9012,-8.26357,4.06069,23.2288
2.32051,15.8766,42.3092,0.0308087,-0.46936,5.16513,11.9094,0.973124,-8.29473,-4.35551,-0.0212813,0.452911,-11.5317,0.62169,5.1926,-9.69715,-6.91231,-5.15041,20.2548,-9.64105,4.43726,8.35152,-4.54964,1.32956,2.68359e-15,7.95139e-15,-43.2873,-1.79265,-81.4924,20.7326,11.7891,-8.44102,21.4642,7.12502,17.4844,-7.76955,2.68359e-15,7.95139e-15,-36.7377,10.4088,80.3038,19.8296,-5.4393,-4.76047,18.4074,7.12502,21.0235,47.2879,-11.118,-2.25087,12.7311,67.5565,16.3281,-12.7308,27.9487,-16.2141,-9.17558,-29.9587,29.786,-8.6032,3.86411,24.3933
2.33617,15.8768,42.4055,-0.102146,-0.438092,5.12104,12.0838,0.920233,-8.32037,-4.23922,-0.10219,0.508714,-11.4913,0.582403,5.28789,-9.95135,-6.86758,-5.04818,20.3748,-9.56701,4.3191,8.42285,-4.51176,1.27222,-1.26725e-14,-2.50469e-14,-43.2774,-1.85497,-81.5682,20.8156,11.7173,-8.49194,21.3382,7.12502,17.4354,-7.89991,-1.26725e-14,-2.50469e-14,-36.2914,10.6375,80.3232,19.9284,-5.58306,-4.89869,18.12,7.12502,20.8908,47.0152,-12.4414,-2.50079,12.8722,69.1201,14.8192,-11.6396,25.3512,-15.5988,-9.19118,-30.0475,29.6546,-8.89922,3.81264,24.5307
2.35573,15.8767,42.5128,-0.220364,-0.41476,5.30638,12.1523,0.864977,-8.50697,-4.19983,-0.21282,0.507957,-11.4727,0.541396,5.41781,-10.035,-6.83889,-5.07076,20.5272,-9.50702,4.22224,8.48273,-4.49123,1.24594,1.17034e-14,1.11319e-14,-43.4376,-1.70173,-81.6982,20.9043,11.338,-8.52995,21.2724,7.12502,17.3989,-7.96894,1.17034e-14,1.11319e-14,-36.0406,10.4191,80.5791,20.0907,-5.21207,-4.97787,18.1765,7.12502,20.8147,47.08,-13.7136,-2.86009,12.6449,70.5533,13.2569,-9.66293,20.6098,-14.9122,-9.21579,-30.4429,29.527,-9.31514,3.77594,24.4722
2.37764,15.8779,42.6197,-0.253101,-0.36433,5.45367,12.1802,0.773177,-8.61077,-4.21499,-0.358284,0.497958,-11.4845,0.480474,5.49786,-9.99852,-6.77372,-5.06628,20.6241,-9.41901,4.19614,8.5027,-4.45183,1.24694,6.38596e-15,1.59028e-15,-43.7648,-1.37425,-81.9515,21.232,10.6835,-8.81897,21.6161,7.12502,17.1207,-7.64957,6.38596e-15,1.59028e-15,-35.8509,10.0657,80.8438,20.2815,-4.61839,-5.01818,18.1413,7.12502,20.7759,47.0491,-15.0184,-3.16837,12.4691,71.7781,11.2275,-7.8599,17.1077,-14.3202,-9.29973,-30.7997,29.3993,-9.69381,3.79645,24.0488
2.39289,15.8811,42.7229,-0.301324,-0.337728,5.36347,12.2436,0.696085,-8.54301,-4.19314,-0.451339,0.537983,-11.481,0.432384,5.52486,-9.80293,-6.75459,-5.11692,20.5362,-9.40705,4.28589,8.44378,-4.44643,1.294,-6.11263e-15,-1.98785e-15,-43.9384,-1.8434,-81.7701,21.4935,10.8683,-8.85733,21.6425,7.12502,17.0838,-7.62632,-6.11263e-15,-1.98785e-15,-35.6629,9.93796,80.9598,20.5908,-4.3579,-4.99583,18.1861,7.12502,20.7974,47.0915,-16.3576,-3.27696,12.6861,72.8021,9.27389,-6.45426,13.6237,-13.6859,-9.30611,-30.864,29.1802,-9.99641,3.81336,24.0479
2.3942,15.8846,42.8101,-0.27032,-0.391977,5.02522,12.4591,0.62971,-8.52972,-4.27006,-0.54075,0.742787,-11.6827,0.411248,5.76936,-9.5977,-6.70975,-5.12492,20.5673,-9.33723,4.20619,8.4096,-4.42591,1.28383,1.91082e-14,-1.63003e-14,-44.1159,-2.89795,-81.0631,21.6352,11.9502,-8.48925,21.8484,7.12502,17.438,-7.38943,1.91082e-14,-1.63003e-14,-35.5804,9.99324,81.0231,20.9385,-4.34579,-4.83313,18.2349,7.12502,20.9537,47.1231,-17.9205,-3.13401,13.3617,73.6533,7.68341,-5.50396,10.992,-13.4182,-9.2756,-30.5606,29.2648,-10.5425,3.8854,23.3599
